trucks_count 1
drones_count 1
customers 10
depot 0 0
Coordinate X         Coordinate Y         Dronable Demand
3734.3661347809357   -4731.412364299157   1        0.4076913973196977
-5551.950295209856   -3887.644403423586   1        1.3113881322661776
-7032.289883591862   7905.96091450572     1        1.2636161920283093
-1977.2870964340411  -4437.086721383423   1        0.7297462715990732
-970.975138746461    -4088.696113483037   1        1.0372687930582587
644.065417825545     2756.7035893645857   1        0.6333870861466689
3171.1847869711096   -4807.077257763686   1        0.39174338704591083
5085.765799729293    1944.868702056422    1        0.4353932927700943
-5356.053770890973   6909.641263014141    1        40.06738953045428
-4128.451294396017   1357.387527048091    1        1.4010240972897072
