trucks_count 1
drones_count 1
customers 10
depot 0 0
Coordinate X         Coordinate Y         Dronable Demand
3743.0164478483266   -5009.287972971739   1        1.1734908209560526
6980.594899523446    -4489.422004383069   1        54.533994620556115
2493.8295044918927   -7785.107225763738   1        0.4843027935708885
-122.23313526845344  -2819.2607470286976  1        1.1390108688054503
-6320.630122894582   -7140.061796144669   1        17.84043651594856
-2982.6104877176     4237.789209097963    1        1.283640578729164
-5843.143390088704   -1890.851524270398   1        0.7134463533074026
-5519.207814358889   6272.28343185119     1        1.0001435401690804
-1717.6550161073485  5188.647435809722    1        0.8951977786342744
5302.0760181901605   -4790.918381180631   1        1.0273404939941542
