trucks_count 1
drones_count 1
customers 10
depot 0 0
Coordinate X         Coordinate Y         Dronable Demand
3741.574529161308    -2280.7351716838552  1        18.984801863165487
-3154.882513026633   6339.834422317474    1        1.8735899504841114
3588.3832195907016   -7852.1690824800235  1        1.0308550639000282
2250.8310846318104   4957.821550610358    1        19.638295533555254
2617.6992409725567   1415.2191509656027   1        41.64643716763617
-7742.644583397391   -6738.018314253953   1        0.7585983299654148
-7022.995560421188   2987.5908135122304   1        2.326495846512853
1612.7678279576332   -7860.152196573975   1        2.15601846789183
3040.4249516177697   5475.479580469829    1        2.234976472389455
3730.3213861554827   -6448.440929651631   1        1.9229544278767463
