trucks_count 1
drones_count 1
customers 10
depot 0 0
Coordinate X         Coordinate Y         Dronable Demand
3738.691411220104    3176.369951270023    1        2.0405911277643267
-7332.397577937732   -4188.533203903329   1        1.6487092306475184
5777.489930355487    -7986.293275534482   1        2.123959492799599
6996.959764243281    4418.546145888468    1        2.184378588828713
4400.91748908495     2432.3410451861473   1        23.758439447037468
-1169.2727747569718  3497.246639042217    1        60.36306240987341
6710.740818346675    -3348.9645109225144  1        0.5525948701766568
-216.7211272202689   -3938.143693235251   1        1.9677684350960387
-3536.8543934991612  6049.144349411932    1        2.4145338226469146
586.812122086128     6329.954692839201    1        1.2141822956419306
