trucks_count 1
drones_count 1
customers 10
depot 0 0
Coordinate X         Coordinate Y         Dronable Demand
7465.84939143161     -4005.719605644434   1        2.363391487171488
812.0241048582443    13883.223566932025   1        1.1989477909743322
-11875.472816607993  15677.798115578875   1        49.926412737739106
791.5542469324448    6679.991152511266    1        0.24486885735779534
15934.707970619469   8933.169667254471    1        1.9458947721303053
-8231.937355708496   15748.672132025344   1        5.338635715458552
3982.6657128991383   142.73063965977337   1        2.0047928802513613
-7751.397595530258   7811.746147262513    1        44.191227376912515
-1195.9476063317109  14392.947294970383   1        0.27364852316183297
-11400.41185286139   -600.2690836020415   1        2.2966380684252026
