trucks_count 1
drones_count 1
customers 10
depot 0 0
Coordinate X         Coordinate Y         Dronable Demand
7457.199318175164    12365.595763217207   1        0.7304917939797619
4372.919149935887    14485.000688269623   1        0.8616267298458944
-5308.151964880803   15275.426016037389   1        0.9498250498274505
15029.940045955915   -11031.275061654407  1        36.30419832738373
5190.923194578532    -4108.904170462012   1        2.1717727838522505
-4605.260970543463   14267.586512291968   1        1.0332181283445752
-3096.445870230105   -2773.495333644458   1        50.81126558058619
2853.57577874698     -12609.108102910368  1        0.058893115419802466
-4834.346361115331   -16072.939357447083  1        1.7929845671744733
11355.940354930543   -10545.402935562377  1        67.56717259591206
