trucks_count 1
drones_count 1
customers 10
depot 0 0
Coordinate X         Coordinate Y         Dronable Demand
7474.4989850661705   11809.84502549393    1        1.496291180363214
-2748.8704605975136  13281.446445594433   1        1.5362688893556733
13744.086811286705   16080.169735498468   1        0.17051172587583568
-13446.832031712911  -7795.622633323066   1        1.6995011373345323
-5508.386773717711   -10211.636015407159  1        47.564440098725086
-11858.613740873523  -14957.122248241281  1        1.6834715836741674
11061.777296028378   3058.955653720227    1        2.165644363382107
13830.509030192505   -3954.279122942719   1        18.839456105852257
2442.4511484519144   12671.953467765969   1        1.2543124791491929
-1969.8845402752142  9344.864288736406    1        2.1097962295245227
