trucks_count 1
drones_count 1
customers 10
depot 0 0
Coordinate X         Coordinate Y         Dronable Demand
7471.615627314021    -14919.929851552195  1        0.9519912702150044
9167.05471430233     2753.078819373629    1        39.80430698324624
15933.193282240549   15946.045542444013   1        0.7170639216991694
-8700.703112290497   7758.541961955045    1        1.2146237230932544
12368.271954016569   6898.925878813381    1        0.12864277673330926
10808.199027010673   -4721.857774566999   1        1.158429334910418
8702.073434985301    12815.840808907373   1        1.2786938938404604
-4092.419685174452   -32.27085941493669   1        1.7795183277944415
11958.611563524044   13245.617757086182   1        0.09409117290437363
-5113.3933247226805  6029.82015103818     1        0.5054102006600181
