trucks_count 1
drones_count 1
customers 10
depot 0 0
Coordinate X         Coordinate Y         Dronable Demand
1850.6038802210844   -3174.2316052593014  1        12.686391682543116
1366.8330492980378   1891.8244271404876   1        1.2252598727718094
1024.4994244871568   3181.767905960865    1        1.3343173292643375
2161.4362995961997   -1296.0163383152176  1        2.0775654087735522
-2302.06240291603    -219.2569251624473   1        1.9356666469914543
1908.6818076498967   3904.084436796973    1        1.0574154763391466
-3935.9849274176345  -2628.4909050433134  1        2.4918821033003002
-3953.3179329281925  -616.1768147268547   1        2.0205173381984967
3759.575621124705    -1293.3279063196167  1        2.24877945049969
4000.7568038360314   -2289.3727860665954  1        54.90379083471857
