trucks_count 1
drones_count 1
customers 10
depot 0 0
Coordinate X         Coordinate Y         Dronable Demand
1849.1622013450099   -445.6791636878337   1        1.800193792626068
-721.9244831575121   -3372.359146158969   1        28.709933806902676
2119.05277986955     3114.705809433636    1        66.09845103992046
-3512.219360598064   -1565.6540406761624  1        31.524636227598045
-1410.453278859834   289.3040219478243    1        35.3264684305774
-2851.352168124422   974.9967935395867    1        0.007330978811648237
2930.883022155353    2249.951432739315    1        21.311104550433466
3178.6577093883297   1344.8274369425083   1        1.8322672681498022
470.9357087552967    -1006.4957616595086  1        2.4283368007571493
2429.0021718013527   -3946.89497482118    1        1.2913725561132214
