trucks_count 1
drones_count 1
customers 10
depot 0 0
Coordinate X         Coordinate Y         Dronable Demand
1870.0664251426167   223.90869489654278   1        0.08489100065963318
1401.5400372116449   537.8253046035366    1        1.7611496091922663
2341.4682275338105   -3959.615589503627   1        1.5774072969762651
2311.947652266037    -1679.2680758752936  1        0.16925600306999133
-2268.7058174856234  -3061.4699509620623  1        65.45243781932379
1795.38066046141     -810.1929188029343   1        0.2335560812016657
3945.2963744341073   3933.0165756474294   1        1.4395453769712063
-3674.348384768395   -2949.5740324050425  1        0.8118934701203859
3899.2525795769157   2881.155982470441    1        1.0747551288917334
1079.2834969658745   3993.7385007496287   1        0.3185683617593385
