trucks_count 4
drones_count 4
customers 100
depot 0 0
Coordinate X         Coordinate Y         Dronable Demand
3686.7909716814247   4843.622404250793    1        2.4457945486932937
-2060.469465770369   -577.8685573901996   1        0.10085631084174762
-3098.907117579869   5692.916045704161    1        1.7998396227738025
-4133.363762939303   -5288.409220617998   1        2.2287911173491604
4311.966674540847    4647.095860588769    1        1.0219265867235312
4497.343857556605    -5389.267079358032   1        0.8069930259545577
-3577.0493998616175  -4752.877952638456   1        1.1223771843664163
-960.6401621240053   2284.248647428975    1        1.0792669507021215
6819.633077799093    281.6668330165593    1        0.6465662017869861
-7716.031993241883   -5060.528658733749   1        0.9562841016797652
2272.466261375015    1309.2651752170764   1        0.5627623002920681
-6621.548190469665   2718.2215894854344   1        2.1403765036205584
-4111.5592892850445  -6634.694274278133   1        0.1712393590385064
-6451.056891798596   -7680.8417118814905  1        2.2569540471655234
284.1033624989285    -4315.848335090874   1        62.40923545768831
4234.012345623989    7790.0386878086465   1        0.3069962631182796
1139.6077739814289   -1869.0073162289825  1        1.5703480336189641
84.85555140381142    -5027.504596204249   1        0.8800735152797536
6769.314401287437    4089.2366440329542   1        0.5154108208060235
-6539.6059373118815  -4606.39016220863    1        0.6923492620263438
-8033.765678430838   -3389.6400854333237  1        0.7099848798198682
4359.219439874044    -707.3440918331721   1        1.6390175047997524
-7076.165239805263   -3381.250648746314   1        5.9646494399949965
-470.9758733169897   6783.048380333964    1        7.101454218867729
2511.376115207249    -255.14568105925625  1        0.3530749264328578
7265.043500029797    -2779.4094669192746  1        0.9677524560884412
-4873.218641759733   812.7775259524815    1        0.6488267596457744
6881.6752548786535   -6324.340110756662   1        0.8734452169580367
-4055.0338148320125  -2837.0120140728436  1        1.6508461423027745
536.8023690425135    -4999.101287189257   1        2.4479508432734005
748.8340331239713    -5238.278839628999   1        1.783943345643465
3187.219477938534    2625.656034509653    1        1.7851127120942225
7169.81942104221     -3208.3266862331725  1        0.37062795938819143
-3747.7049805648744  3082.6639510853133   1        1.1349343991422234
3758.786248369394    6722.270218507941    1        1.9031046917011953
7240.427659843516    -3396.0470780666883  1        2.361748532278352
-7360.395131181414   1413.962397428373    1        1.6099777719558472
-1186.9741160696976  5211.975163287541    1        0.43244498555226246
-3226.4243470376546  -5231.25499719256    1        0.5696165517577578
-4917.666063682548   -2244.7459709922537  1        1.74921205701777
6886.219858898779    -5406.328478017156   1        1.747135579547054
7917.031198564131    -4769.947564947664   1        0.2662440220508949
4159.164925261172    -2670.274955992511   1        1.4569426569317483
5977.365191660025    -3891.260943981801   1        2.4548673828861394
5691.9311209837315   -7706.068638640102   1        1.3778070158599411
-3802.888836407389   -6936.941004156802   1        0.3065398580334028
3294.581510158826    -613.7196010307317   1        1.872401888467299
1771.0749744594489   2438.1976132072314   1        2.18817463718215
-7935.638912750994   7301.980844092352    1        0.488274037115935
-1681.291718092699   -330.00454937189636  1        54.61816940510101
-459.11020118497004  5181.72979298988     1        6.2254587542783195
2665.2836507671077   -4176.712855520387   1        0.12510963559454635
-1929.04241477286    -1119.3118366922147  1        2.1148343688711058
-2284.6525615422324  -4443.957854977397   1        0.586050558039368
5466.761002585543    3620.8414099069623   1        2.107748191145164
-7532.737243658878   -733.2023943384917   1        1.3464116044767103
7140.310637466576    -7278.645745346151   1        21.87669081038538
5250.923356237918    6991.504747775792    1        1.0733564524559556
-3248.867168398899   -4660.398274258605   1        15.165435365086887
3695.6836678642867   1732.7179811895905   1        0.6996588745985368
1904.8716916538194   -6998.0361019075035  1        1.6724345071199997
-106.68756880052689  6581.485088992154    1        1.5499928228204634
-2349.3673769938623  -7068.3730098681     1        0.8254595794268249
4347.4923917185015   -7853.128765968944   1        2.3351727512665734
790.8404371340964    372.958568195073     1        0.16969295164302733
-3058.929015514408   -5804.763105627106   1        0.45379730892279924
-1696.8745223716887  2377.939873576423    1        0.36241769470394175
-3291.5703690226574  752.7534921430159    1        1.1657498774620891
-5158.704749050078   -923.7016528279819   1        1.5386568955484023
-5645.105223950653   -7286.552265563061   1        1.327009066663805
1596.0263259296594   -6273.167880181408   1        0.9367465886156126
-1708.32542815431    -5065.105526165529   1        2.5058151891289415
2034.0081127359208   1711.7241475377525   1        28.143841748732612
-1638.1517070544435  -1172.9562885371006  1        1.38049338410419
-1568.6201198800723  -2181.946916526191   1        2.3078256445449803
-6581.4662914934515  7705.589343995976    1        1.100844584706358
5739.066986106658    -1237.4498034351177  1        1.9090267772879805
7631.554339763713    -6505.118199723632   1        0.10679386852204875
-7911.497402936031   -864.1998039856229   1        2.066276900619469
-7764.583495042799   8005.070370366224    1        0.9145131836238052
-5422.260928263447   -2044.463169626389   1        1.5316830926167806
-3742.0463564547995  4013.6042073253825   1        46.830735861778955
-736.2886717034338   2986.3560364270697   1        0.9096151906413502
-4000.90582323501    3665.0464135021502   1        1.7278079296994533
-924.7767943905791   567.1701924572428    1        2.3823457253174474
153.98428121971946   438.22086322306274   1        2.476519990495987
3646.9758993189043   -4634.827633740415   1        2.029226084200926
5424.483870946788    -1160.2356249155096  1        1.4958661560297568
4406.485766880467    3190.268956549317    1        1.1163520687005668
-6962.890317339659   4549.254653011273    1        2.2144894668117336
-1170.2618638084682  -3318.60450650134    1        0.8586723524039391
-325.521396311529    7072.600158603428    1        0.5950834543420219
4776.939495823386    820.7512392204203    1        0.7814926132148778
-5424.708987334291   983.7326215929788    1        12.51531961930739
-156.90589802389704  -7921.599480675395   1        1.433328307287407
6692.621636944297    -702.6286514312658   1        1.7496422482554723
-1730.028902769321   -688.7088252630014   1        11.068965970314482
310.683092531027     -3461.018404437814   1        1.2855490728878907
-813.8162602825817   3892.0857146428266   1        0.6113422570677487
-663.1345861784162   4035.814366070255    1        1.8818691575834776
