trucks_count 4
drones_count 4
customers 100
depot 0 0
Coordinate X         Coordinate Y         Dronable Demand
7367.815227858553    -11585.424945590654  1        1.3571947656497776
-12475.969061362937  9974.408112399888    1        2.3759755537522516
-1819.6008136301625  11117.584184921294   1        0.39294405167337315
1225.5298333443318   -11655.368771057887  1        1.2590362143607983
12190.36936568459    11328.435509618623   1        0.33917858212052704
-10045.448187984064  9691.99526825439     1        2.256908565679962
-11873.506521809397  10008.013445853603   1        1.84847620803022
-5580.257275360041   12412.514301535402   1        0.8910168434005241
484.7074653643254    1710.6632039173248   1        24.144438039590522
10467.797485377525   15435.733447892275   1        0.24751196944494958
1999.5870383027132   -5916.791989521502   1        64.31776834317616
10884.757873409459   -7394.119869479273   1        1.941295003335658
5489.125385083495    -13652.406841578691  1        30.600177218909685
12092.73579854428    12253.12173449831    1        15.152091204977845
-9450.76850168184    -14031.877461617509  1        1.3924104169393259
6325.36134112317     -11212.417424227837  1        1.097092252422542
-12651.250692489419  9816.577743790258    1        50.66911310944064
6341.40684209112     10539.49129234035    1        1.666921967580437
-6849.454261190749   -7991.645242667938   1        0.5711761029529097
7166.429326193086    -4779.175387309471   1        0.10220981958825565
-3218.385302835694   11432.660876514552   1        0.06089406892683613
-732.191950184101    7380.943168903217    1        1.5561437580085555
8079.344853666268    4758.225687187956    1        1.8645445404151484
14680.86305359898    5325.02171231913     1        0.5389042976382841
-2612.2033014796853  5581.74145267834     1        0.6198703888290333
2529.187434548608    13905.533955585774   1        1.102117499943716
12280.232041905896   -4966.732697286511   1        1.9945987834551018
14353.522335320953   -10447.77015742508   1        1.3929663626566777
6432.633653533618    2169.827697875314    1        2.451505733116416
-3204.3357521335506  3801.749546772113    1        2.001790824183526
-14213.294342711615  6181.199313953578    1        1.8157575520119003
10013.9753077773     -4401.13159753428    1        19.58246747752537
-9166.365134428059   5150.620754600652    1        0.2558569744109504
-7650.85406328029    -7781.003650096209   1        1.406144271356985
-10926.403620286244  12609.16153907986    1        1.914522061975217
2270.8578713722727   803.6135328855813    1        59.797312413105054
-14939.157557991353  8664.228226551919    1        0.5508258705282321
9843.687248122738    3648.4938792197095   1        0.037027900440480266
-12433.529088767173  9276.951078209542    1        0.6799258954880816
-8284.95980576681    15628.094369848994   1        1.6666160537498218
-3572.2383001765306  6880.448399271766    1        0.8217098657999369
-2679.2519711348586  9251.782402387587    1        2.462201100417569
-13421.591328431425  -5805.969236906612   1        1.0946877810268592
-9201.835643076793   3697.5311852285213   1        0.2558665679808625
3548.2218128877735   1453.1834584558317   1        0.5164568173150477
-10745.308265577494  10664.678205887674   1        0.7785752884328665
9964.386457117964    -11238.731357138076  1        2.4970680469429207
-3893.7651831939547  -11449.591204018878  1        2.346423054034839
-321.15162038915906  -9507.45517653188    1        0.13662280788954623
8731.902153265366    -3311.798005199576   1        0.45365984834262574
2960.477538329802    15490.206347531373   1        1.063427276976328
1495.4556967893586   9134.977136718611    1        1.0713090360503277
479.9404768080108    -12665.035878831666  1        2.174032542850376
-13648.013883791547  14268.07251323705    1        2.0752110302652302
-2829.9084737652583  -15180.4610328103    1        0.26148908626603906
3809.998015988826    4519.742304547968    1        0.3523204983386932
101.3253893925012    -11355.879408456312  1        0.14314354135302743
1626.4233898548714   15800.536656527205   1        0.2590844630574038
6613.755392057733    -10074.558589167074  1        0.024305509114063983
-14911.740979388482  -2032.8923550128807  1        2.2307301181758206
-11752.745051442222  4496.751735543245    1        53.828764137807184
-6077.644974750465   13848.040967074448   1        0.9652901435025996
-7195.343305151722   -4360.969402521453   1        0.8949253151532464
-16088.31046172744   -15087.15277136193   1        21.657272636763746
12126.920505027367   5612.399915094849    1        1.4115684043609735
-10974.907824078855  12181.241540456416   1        0.9722509266663959
11504.039808621063   -268.56731193639945  1        1.8917659803502773
14494.5929529091     -8438.797345770881   1        1.0088601886778084
9702.091429282715    -3058.1958861878957  1        1.4840795556618869
-11632.95806773222   -13264.179408966493  1        0.7592642380221276
10072.93107222079    6735.41943491334     1        0.8446884374007241
10542.733162371393   -1679.7781651478294  1        0.029685375683397297
9689.16601177408     8399.223812908882    1        0.7693364965773621
-12367.200619206355  -3048.6915219886746  1        2.0471665789383717
-375.0045001682332   -8668.536998592557   1        27.43650491279466
3095.472238123605    1665.830079265714    1        0.03394724580369046
6297.711645572016    -13354.745737111609  1        47.82673543088426
12086.331403848691   -7030.953699953628   1        1.2472013284424728
6523.24193458978     -3860.8525709522155  1        2.3068104935704965
1267.9194657312169   5219.912748830668    1        29.56370979173658
7602.137409001858    -9743.870446157203   1        2.055424783791394
-8407.590418049296   10707.187235599074   1        0.06808967362204932
12435.29928321681    -6235.155669813662   1        2.1474663829455114
10415.970087458123   -11677.274586707039  1        1.0890262282279113
-16041.98742663427   -3738.4038777163623  1        0.3636646476410718
6415.811958878977    -1578.92538514504    1        2.0313048363025414
-4398.660245107545   12002.26714664221    1        0.07418817166977565
10696.390629431397   -3059.404417800973   1        0.6285026585163694
-9948.481530108778   10069.276934314094   1        2.499742057022567
-13527.779855565079  -1046.2121497909577  1        32.48718331079098
-7152.541543011133   -8897.598999215144   1        1.9897858355096787
8676.039206756632    -13240.204227866849  1        2.038188750647229
-6127.730840501112   12065.76514608828    1        2.179199709782423
6665.038565267908    -4341.0587386567895  1        1.4834336446347405
5316.656637689227    756.9626234316954    1        1.5097273879138515
-15037.62374982403   13923.860955259368   1        0.7948287409313206
8066.78066557765     14482.927481368657   1        2.2275238322615483
3487.0290533679918   -14733.874516973878  1        1.4313631782057588
-10680.962071883476  -3970.0513201164026  1        0.09313561934968961
11443.737740507646   -15164.196421230234  1        1.8778524761601814
