trucks_count 4
drones_count 4
customers 100
depot 0 0
Coordinate X         Coordinate Y         Dronable Demand
7370.699065232589    15144.349931455465   1        1.9014946385450844
7794.986243359106    -11684.1047410012    1        2.488415932297
-4008.7072845840066  11251.707898353867   1        63.97546662327103
-3520.59908607808    4977.346633664003    1        1.7439136658549792
-5686.2888824278     -5782.126384601917   1        1.9305526030484808
-525.3804762463717   -543.2692054198928   1        0.28195077719080863
-9513.802660766316   251.12877028834407   1        0.23542671482476962
12342.670960385032   8490.50555838573     1        2.2351419156777745
-9031.452949707798   1136.9984349752217   1        1.98634493279507
13611.306749446878   -13436.101934787612  1        1.8518979983094543
-12821.18021947363   14444.309180456326   1        0.21110953501531055
-1179.1694935758765  -978.8385850651456   1        2.0408357534781083
-1366.996596743299   2632.5420651215813   1        1.871882566291344
-404.6894721483399   -1554.2813242542215  1        0.11992914581516328
-4441.281128152936   -11331.787065899629  1        0.5895112286545545
-8696.747223625369   2183.8297358837845   1        0.7020442391439594
-5186.017572263282   -13054.158444333854  1        1.704431900577433
-12837.88102755063   -15851.198950034077  1        35.86564033745547
-12748.85272930794   93.4142625099289     1        0.5432934432530151
13137.04920540655    -6995.977376241475   1        1.6472795594337515
6450.481670151317    -13766.749647176046  1        0.3854394929998037
-12100.31653521801   -13110.31226757062   1        1.5975806314041539
13056.947187027872   -1002.1375653413916  1        2.248391534329616
-9223.9843465175     9445.558996682585    1        1.6072661606295948
-14888.16529572165   2535.724565658026    1        47.99558460595683
-7563.803022506845   -11920.082968748276  1        2.2849349780160786
1266.8973791932176   -1670.5890625017184  1        1.3217127715504382
-2035.003577460871   -11548.225429280148  1        1.1332058084338086
15254.72325174574    14341.341595053866   1        2.0511759377095955
15028.074492975742   -3098.2260341813153  1        0.9748708523549149
-6357.812658609951   -2147.6789428412644  1        1.799850430201231
8194.207131827186    -15668.349284635598  1        2.4685576251596935
2586.637093639122    15460.423691067155   1        10.706952632768758
8520.308227605923    15285.602126037209   1        1.2705393166231527
-1704.41580158467    13026.850988047874   1        1.9088133768382063
8375.856835340595    13099.199688376102   1        1.0243344266946162
-14829.973670366147  5746.076750515275    1        2.3304018026155884
-12358.570252197387  -9057.217897102606   1        1.4847364429963714
-9443.188891421238   -592.7792182768438   1        1.8747712049964682
7033.294273244992    -10524.138306445868  1        1.7079140367573444
-10993.339531000429  14127.33596142967    1        0.03442275992639854
-9516.03502681424    -144.05588413198095  1        1.3642225612342318
13541.809261045457   10520.180425554183   1        0.025815237605755215
-14716.992869689317  -2042.4955911784825  1        38.01061378033167
-8627.398212383328   9113.962850776874    1        2.197131897961043
-9175.542969196133   -1604.6014215910786  1        0.5425575918595862
8276.775218339695    -6233.08527959977    1        0.93473496770511
-175.80737732658642  12806.842490819676   1        1.017298826982043
7997.225037243484    2548.253016015467    1        0.31244842250274046
2684.6595983509305   -1985.9033121607436  1        2.471451477703775
1021.1285679799323   12926.832726944624   1        1.8528101796003458
3413.0114991617884   -15702.664287161082  1        1.8482093171959857
-1689.0719365579123  8641.609984081011    1        0.8944334744871923
6984.780496561994    2690.0784016411285   1        0.08063081277875056
-12041.633234297087  12124.050653690867   1        1.184618657332053
10465.702004146478   -14566.771002253563  1        0.8493660700341532
-8902.466907648117   3136.854550425694    1        0.4413559464472269
6064.1352909763      14891.772836228454   1        1.9162204577566797
-16035.429712180978  6395.762191346916    1        0.25385953633349917
12333.252938359103   -15377.168436127793  1        0.2151944777607273
-3971.501073878235   -4749.660234135881   1        1.8157738397018555
-3145.509816364816   -2587.934427470625   1        2.7002063708190964
-5947.038789758778   6844.582288871174    1        57.7870416309859
12396.777160854777   696.7350881610358    1        1.533183181678396
6854.300449836832    3179.158525742495    1        0.7906306593755491
7547.05683263522     285.8579044120498    1        0.713024136421049
-12038.294618061162  -13849.78402220272   1        1.127091818900658
3955.7265870537794   12626.794819257573   1        1.0873050330699487
15785.78096559128    13640.640164267126   1        1.5113682442315963
-11461.58401800582   -13918.642209857248  1        2.2931366523429664
-9460.948137959947   -2905.4579229137926  1        2.140717494381717
3563.041392842327    -5904.994608739446   1        0.014953664733472205
-9214.849121187981   5911.336293803136    1        2.1240545598298772
-7821.752256468563   13396.138430090448   1        0.4638299815212807
14337.31786984676    9577.224823988474    1        12.450768399936575
-5033.730172431648   -7554.935616371165   1        0.5673959152550243
-7205.516951296392   -7914.822911801864   1        1.819527442210981
13674.719801877114   -10020.594809889499  1        0.6769975798558092
11443.563804169802   -2794.62584965079    1        0.9365437157214342
-7130.623522366244   10615.026744781557   1        2.2237396031045855
-1621.1922237625174  -6916.398392704992   1        0.5435539382040875
-7945.842045101335   9367.197345503033    1        0.8800512277605075
-10612.07903009503   -131.22179847976406  1        42.54776812597486
-14886.360779505945  -2173.5911196623124  1        1.408417078963682
-8945.770747518656   -1302.0315065899947  1        0.12300518647925973
-12731.549739340795  -351.24230897134447  1        1.0039124320257158
-14645.793983423926  -14727.13406041931   1        2.301707090682448
-5320.761054148458   -2689.937833815996   1        1.0621843886466118
15525.685001826076   -7868.53257629364    1        0.5580470442351154
2366.659754877805    -12067.291182073262  1        13.753403670629206
11346.90712487502    8326.03623370203     1        1.424229093956809
-12080.94155312227   -15640.941955329998  1        36.99586588535919
-14380.36616423811   -9239.806667357325   1        0.23034614287219896
14001.250295299664   -1186.7969875463596  1        2.182848894747398
-13592.017339368338  8550.321831040455    1        8.304029607136489
-826.1902379677174   -9834.13793399064    1        0.022235494593396687
2303.3616698304495   -9540.684844767731   1        1.2772918010604397
2054.1976192150255   -10827.955423113806  1        0.1084561627997277
-6154.297056413375   1907.05981477368     1        1.6022389195822675
5058.734044264464    12547.15615545514    1        1.879860798245378
