trucks_count 4
drones_count 4
customers 100
depot 0 0
Coordinate X         Coordinate Y         Dronable Demand
3689.6745692445174   -613.4827187030857   1        1.034394368989713
2117.045599140732    -6142.941170980343   1        0.32573703067834053
-5288.013828344655   5827.039998947676    1        0.7067351566213289
7213.9473176382835   -4749.134055707052   1        0.6985459830846195
2528.7481866175117   3629.9739663682244   1        1.704674591326535
-2076.0281908947572  468.90796734579925   1        1.857077523482056
-1217.3455388185369  1583.6773717962876   1        0.3962781979555152
868.8487930538954    -1637.7596160988073  1        1.267517020750816
-2696.5270974620867  -291.99745630365516  1        0.46700885152952676
-4572.523208794416   -1745.484041413637   1        1.665056196661678
3545.1394832205606   5576.926585005847    1        35.670976192128215
-2592.0353176440576  -6959.936646478553   1        2.3394580411583616
5125.758489077219    -6443.184887955975   1        1.7699528700270246
-2855.0416828693305  -5394.804051201192   1        1.5310038498662435
5293.591455460663    -1615.7579393729914  1        0.6808136265473369
5305.344500308284    5092.846327542148    1        2.0169002738140174
-7488.599105792433   7447.136975268793    1        1.302180336954929
-3000.992078426992   768.6851614213282    1        4.942495674025594
869.9159331702493    -3919.1438507891808  1        0.4596455386591372
-568.9865377203089   -6823.192630762522   1        1.282488667211529
1635.1012945561702   3597.82963068702     1        1.359075727965803
-7008.9051451598625  -5105.160007928897   1        1.721891288843852
-2098.562666632718   6951.825619102448    1        0.899932441567213
7811.056726566531    -5189.854335302581   1        2.3123516750977218
6328.853881154342    -3301.162328268623   1        0.08627938953087638
-2827.9469570256565  3581.8545679904532   1        0.8333874122331661
206.88645571664028   4108.921400548216    1        1.8030547358364468
6586.589581907774    -7424.794902989841   1        0.3539240340064925
4767.055303758223    -6758.937877083345   1        0.8501865514891327
2675.7723743408574   4194.362892046373    1        0.3941109368690812
-7489.124762396253   2526.2829035761597   1        1.7521291765279325
1367.451301988415    7451.878107597389    1        0.4182228114574746
2829.3814092984467   7101.4762502333315   1        0.4853989443654322
-3669.9826896786603  -6037.610512592212   1        0.863724526927462
-3112.665932929034   7139.959667475954    1        1.8916873586800766
-2748.013615999103   -7193.900682765224   1        0.036576743445824456
-7251.2112435562085  -1504.1893184192134  1        6.931196466620664
-7295.791856200765   -7493.736852845716   1        24.18998527537191
-236.08390988077878  992.4547063210554    1        0.4593072080274341
-5692.851984670748   3789.900873090997    1        1.8318080602857179
-534.8811321141762   1840.5588443298052   1        0.17256133054707412
1080.2481428847525   1927.6539087218216   1        0.5702869064313179
-1064.3147250728862  -2437.5652935317157  1        1.8191975328366374
462.2082048584475    6462.152519422136    1        2.1538681977914163
-6483.688904287371   -45.28948613000668   1        2.239157177151932
-2233.1235400260307  -3112.7811112574414  1        2.3345043531281333
1606.969551947722    4391.926716318516    1        1.2477358044974833
5489.0325405158765   -5492.249651197987   1        2.0299261830765585
382.73798469259054   3264.249276450643    1        24.50604295419494
-7728.534512818078   995.8901436669374    1        1.0248264402930283
-2398.458931723896   2618.3561724031288   1        1.720958887472399
4582.839453139536    3172.525960410865    1        46.48745011268777
-4098.055067949724   4093.8942660314033   1        56.35766928219214
2254.7018188113093   71.48803342668383    1        1.5968900858135058
-3744.9635181353456  -1261.5264239699816  1        1.4540072215184827
-877.0332555012258   -3726.276420572855   1        63.8211719941319
-1863.4811799521551  7214.0886931577425   1        1.3359931244769232
-6404.805222262545   6082.741407098924    1        1.8876284418545073
6288.828206984279    -4283.516774311786   1        27.19406639138529
-1246.2021745771867  4481.881900074678    1        1.668587631021253
-6407.3240909712495  -151.0080715866316   1        1.3857558419562879
2825.447589585122    6238.94969444708     1        2.13469553939123
-1101.0626217899774  4137.178441713581    1        0.7559937691945975
645.7002541116626    7930.759333364963    1        1.439151890442927
-4481.779378245489   -2060.282581346338   1        1.4278174616721784
-630.4041189893856   -1606.706981482421   1        2.4353436539263
6947.671050946092    4890.1631633101015   1        1.333069371804703
2263.0032651220195   5724.905417360528    1        1.322639491740564
924.9845474475414    -318.3056023729611   1        1.5932342726878204
-5473.731174224251   -7941.014826642876   1        1.894753895305483
-1844.4126444401365  179.39452218051431   1        1.0288047398305011
7405.422562505685    6803.117790431916    1        2.4707585691366005
-776.5665406042574   -776.163611378936    1        1.1882086378287129
2907.296655683347    -821.567055890809    1        0.7138202637758145
-2949.737989676025   -29.62485413421554   1        1.1638762551655057
1382.7710581403546   -1515.1763516409064  1        2.167741886356123
-7764.162090383632   4202.4735014965145   1        2.0880254846948825
-6873.496542775033   6598.679970907667    1        1.466386445854528
-2991.1760129778945  202.02643769391548   1        1.8257433449213445
-69.68696276215098   -2693.2551540610043  1        0.7960603446622447
1447.8491991612373   783.0086440148806    1        28.908063741758724
-3280.29726407401    2673.6145570402846   1        0.8159359274287845
-7690.2269850152725  -7003.150092239028   1        2.171763998337189
2883.643069989977    -2924.7101194531247  1        2.3665895939180928
6171.440364346921    3003.542563583612    1        1.9010268029938233
-2899.937656810994   1665.904419018644    1        0.4217351819423362
-6600.158318619361   822.6509193871232    1        1.4842639594791733
5500.772427177878    -790.7695205524195   1        2.3632296907960475
-2306.2279409956204  1345.8992061306424   1        2.232962043125664
-7161.890946707722   -6471.824858892918   1        0.7844299150426637
1235.7465642667416   -2188.409033773223   1        2.2275588692982
-4989.062396001374   4671.86267095122     1        1.651978120783912
-3475.6955881026693  -4391.380574225189   1        1.8837855166473325
1911.5027426974639   4137.99461251435     1        1.7810946078324674
-2972.139875081465   -128.2405128775832   1        1.3569291894080595
4810.615148800612    7726.252219507788    1        0.20445571832672121
-7493.44837813841    7474.558368978729    1        0.926595670204212
-1122.1481018109982  444.9002098003676    1        1.1397350048229256
3712.848515376573    -6324.242670845207   1        1.129548857532905
-7048.138282421598   -439.71281743343366  1        1.8858858390067736
