trucks_count 4
drones_count 4
customers 100
depot 0 0
Coordinate X         Coordinate Y         Dronable Demand
14504.963754032753   27155.000904372802   1        2.0851985832388094
27089.414765898557   14538.293801085869   1        0.37836119427329507
-21631.934214395915  11505.254028849056   1        61.581865633504016
-4101.205964393676   -2079.0022459167462  1        1.8639390486632303
-26083.07854190809   -24720.894565387913  1        1.6842183410488336
-9211.2144183467     1346.2943300333802   1        1.2552187268887038
-19402.043845552842  28081.69244785304    1        1.370456569547587
-28772.102331758233  16716.906951681274   1        2.126015218909218
-10222.870904257552  -15059.265506210028  1        1.917270706205241
26949.904396888163   23162.93751017564    1        1.0720694737602496
30932.85263610584    -31377.69100668203   1        0.7933469409792151
21277.29071698926    -13020.684554695443  1        14.543210249767693
-19895.82109125188   21748.209799726726   1        1.5982555910267187
-6000.7127912027545  -29629.234996770694  1        0.0019082649562063292
30955.747070622838   13424.04766387184    1        1.00837835811212
-8682.077222328006   229.27685059519123   1        1.8990117404845632
21216.450915417656   -17547.00960660989   1        2.201869924334023
2055.5888668655098   8000.125811609545    1        2.403891162605711
7636.648926993498    -19050.44034788362   1        1.6864817831435384
-12700.371396452196  -25335.428494088617  1        0.7994211570910081
-7461.018037069832   -21142.171699623308  1        56.9718270095956
6752.94290234428     -19655.411885460908  1        2.398668077126561
4193.057282941754    19729.22706874348    1        42.079433928957734
10536.71907576012    2875.84724614901     1        10.476090440036991
11246.174999004543   -2650.241625038027   1        0.9557806053280199
-24361.278158904373  -30473.721452193768  1        1.2894184143021197
4394.602856289039    -16129.936321475674  1        1.4100390361242345
-12059.846143787403  2767.0936154856026   1        1.783390207952075
15209.496860604599   -3775.0669302153265  1        0.9646970651015128
15594.999438671412   -19762.262775137082  1        0.5785901071099095
-13127.481206830336  -29438.699869261636  1        2.4520411205870585
-27511.868593729538  -8657.454653430894   1        0.4897998804078707
7033.514507619981    22375.891388100004   1        0.4604375356364543
-21519.48851972631   5948.579242328126    1        1.8303414548818937
12873.280548595272   -8196.836676256424   1        2.1428690576737175
31131.902606372976   -16433.286476833542  1        1.190355836991113
25760.751140388755   -6714.441482870373   1        1.8677880654933456
-6597.280537806599   -6226.212869387606   1        2.1286865334809626
-6599.242598402835   -28726.53781752588   1        0.3861126955887506
-18928.803054746255  -899.2320722555681   1        2.8850358718666658
7179.764599170935    13373.750051542851   1        2.3131951810756606
26594.049001155512   -2314.462537102179   1        1.381343226544593
4792.619777424133    -30228.71051143304   1        1.349590709963909
-27807.43809749003   15980.85282797296    1        1.275849897346295
15539.64085124471    -30592.146387259     1        23.183684096651213
-18324.32791561385   -27108.39310168604   1        0.21928456697439036
26190.19997868634    27687.160530977944   1        2.4903905086501954
16644.66818607308    32172.74531496677    1        0.5113915773531328
-22374.846403071126  -17865.189737945875  1        0.603597701821128
-13746.848278463714  16052.361016663148   1        2.2419935935624755
-32052.415928544764  -21444.753005897535  1        1.9881109112453001
-21666.039510921975  9694.689958180852    1        2.49529600208467
-18640.381996015934  8229.760024447238    1        0.8579958734241727
-4201.823951329031   -10830.71933114584   1        1.858420735552795
23166.79622106567    -26014.057273952556  1        0.8363079200061183
-9846.225754246605   -9009.657273249402   1        0.4704980403022288
12394.647683208841   -23402.81663083608   1        0.7146479708843884
-29895.27077722842   -24445.36696262718   1        1.47364445156895
22697.005549680063   14074.14201079578    1        0.8421440850605283
-20715.17360421524   -30877.637405708185  1        0.3521546544453702
-2267.4284521226405  -23778.657995339512  1        0.19268587951149913
10768.94409435352    -9274.845543001584   1        1.77123551406404
14492.468321286115   -3933.426442502781   1        2.284240439463608
6471.717759042208    -5410.128549098342   1        1.1516107168044332
-4552.888963359558   12762.825222915273   1        1.2490774214669935
-23110.53216637822   10386.803701019573   1        1.3413236913202602
-24817.97584061808   -8393.733150467511   1        2.478731879541503
-29134.12276314925   -28407.18774969901   1        12.221961492968726
-16674.646616706792  9825.668843322106    1        0.3925329069431943
27397.925641886137   25828.641272233344   1        1.9043679632117994
-26487.806796562065  12255.928599360439   1        1.5035255993674674
96.98515345560071    12788.967790227383   1        0.6189533666455577
-13270.724198312384  22708.180665202635   1        1.5806153820870785
-2127.722727605025   30165.2287518815     1        0.38062999133426395
-19008.09557968504   3598.45731860104     1        1.3307624862378222
12789.54499461766    -31492.20610900552   1        1.1960008775322661
-1500.1715488764357  -11287.019561609586  1        0.650053809984335
25849.08026962265    31988.145520176076   1        1.5553501543219213
5663.32499857844     -28646.04735399894   1        57.97803178172909
30681.71922674197    29447.00184049602    1        0.9020225410462559
-19414.454416727058  11809.546342433801   1        3.2927842950665314
10618.651773438181   -133.9792614567239   1        0.08962732181921146
1821.825549868235    14205.070464585815   1        1.9044903035345433
-14941.90183476407   -11164.12572186762   1        23.810893176952227
-20417.490285880518  -9265.305934616857   1        2.49004301960775
-349.6687137351728   27374.98572530712    1        0.6270015289162054
-25885.473606835305  -26351.209141794032  1        0.9734299582996699
15289.688127181676   28697.642671231624   1        0.7812324102253974
2130.0391812127964   -25433.160486534616  1        0.16754204697998626
-11135.520872610336  -21638.709102709265  1        2.2457395696744604
-13664.499394645913  20536.697612733136   1        57.83585013365687
4192.808940382323    -27542.67697338812   1        0.9002951237862072
4217.733522157056    -9514.27532797554    1        0.1333415666275234
5796.978727995333    -3528.0357917795172  1        1.0068239008987612
-21642.992252871987  21782.787678919107   1        0.537709261213063
-8262.23981495907    -2725.1410498989694  1        1.6985588552186068
26590.799360682442   19642.078464155282   1        0.23680530382329923
-7146.957712707953   -20072.447765439967  1        50.908293767215035
2747.4528442568626   -27492.70029026506   1        2.2290030140001176
18697.67775105705    5844.993348759771    1        1.797518847694258
