trucks_count 1
drones_count 1
customers 12
depot 0 0
Coordinate X         Coordinate Y         Dronable Demand
3570.0154623412877   548.2203635047877    1        0.8575023482289534
-2268.710673819176   7546.126657453394    1        0.9931871760861832
5092.719344707375    260.8967786801646    1        1.0705698313967293
-5036.431878958325   -2988.8990350684867  1        0.4537192972069404
4111.826682336521    5606.9342551974      1        2.120632046399288
5177.150980498473    6802.957294052353    1        0.7785712113670007
-2584.4169711611235  4158.396683595203    1        49.11995087191899
-2634.457690893733   191.19171368715863   1        2.2051385921893565
5981.570847463944    7421.643020654331    1        1.6686391666108558
-6280.632152020945   5521.124339801734    1        1.0010130441929577
7056.249409824338    -2549.8986837804073  1        56.96691186233366
-835.6970218918284   394.3585394099189    1        1.577574810759519
