trucks_count 1
drones_count 1
customers 12
depot 0 0
Coordinate X         Coordinate Y         Dronable Demand
3565.690425713065    -7359.5617122534495  1        1.7246026177843243
-488.263391091297    7847.015457933134    1        0.6558661149577455
-7717.060469239976   59.71096872036653    1        0.21022653062543972
2082.761020553409    4248.908097659624    1        1.4990869799773001
-1260.065945494891   -914.1029034717851   1        63.97856352277631
6990.4891730809895   6062.414484185665    1        47.13024498498473
-6123.972762725745   2700.2836969430896   1        1.6185359547287579
2668.0289962448883   6074.204588600717    1        0.6727634871163148
4162.371470072132    -7811.299825932513   1        0.687975210623496
5097.5441916859645   548.557413821567     1        1.1878548830936373
-2899.48018313304    -904.6709183690356   1        1.0239315071605564
1166.753788775233    6864.876133166845    1        1.2789525230792655
