trucks_count 1
drones_count 1
customers 12
depot 0 0
Coordinate X         Coordinate Y         Dronable Demand
3568.574023276157    3276.7729249817285   1        0.3132024753336468
3689.251673819803    2281.9430841539374   1        25.575567071611665
6187.272819995241    193.83468215293615   1        44.868598089191714
-2663.367659058062   4788.183502381513    1        2.468841845712759
-3043.2841936072828  -1931.2247976923268  1        0.5292580627242374
417.1168848186815    -4172.850229299562   1        0.25352896260325136
-3764.268901682664   -7056.6009786221675  1        25.88184759390179
4497.517951422789    2152.1960852619927   1        0.8610135571650093
-5353.788705189051   7708.475405125384    1        0.508417823113134
-7852.386784055621   3863.6017913307355   1        1.8966270153284528
-1626.8069612874936  3362.990491419735    1        1.7272370377140713
5196.266661600839    -2813.282342608088   1        1.4780340606170688
