trucks_count 1
drones_count 1
customers 12
depot 0 0
Coordinate X         Coordinate Y         Dronable Demand
3561.3656288957845   826.0957323664258    1        0.09170296184550147
1292.1838916365805   -7945.535981398068   1        10.845879434301798
-4433.4000433763795  -141.4750810503751   1        1.8498831926012471
-6891.4858401239135  -4606.725009423211   1        0.04445470000056323
-6631.958573326301   -7435.140062140967   1        4.39656645386523
-7289.61287414744    5321.871674318977    1        0.12831775603740853
6429.911445709634    1242.1711899128595   1        1.457684508850915
7970.515923194452    -4136.222776296666   1        1.6403883447903707
2343.1723324912628   -6950.803152141249   1        2.2073112173832334
382.2802955819342    -4424.009512158599   1        1.374696684741414
3238.230463720527    740.5570868532789    1        2.468973323088993
3169.2043596313524   -2758.0460332652906  1        28.184652167454114
