trucks_count 1
drones_count 1
customers 12
depot 0 0
Coordinate X         Coordinate Y         Dronable Demand
7119.847900039419    7109.297067308617    1        2.0474030144443884
14500.292958173006   5767.440410983066    1        0.2061046380316564
-6677.6931361770285  -417.0743551552099   1        2.396435425677484
-9036.843240447299   6340.714576431689    1        2.0595772857592856
4612.741101459791    2240.2817699386082   1        0.9810140116623223
8087.586060345539    -11307.871698065872  1        57.60581829056987
10500.119030376183   12241.227055390978   1        0.5707340020563654
-1981.897348599942   -4350.4368094436595  1        0.29626330976602333
14202.505080054654   -13327.941535340397  1        1.0470899111384144
-2378.9481932835993  -12163.0641212592    1        2.270310618624006
-10889.652774026381  13306.893003728734   1        2.1173205578122354
-13784.54391375196   -11931.373350944708  1        0.8807894852565621
