trucks_count 1
drones_count 1
customers 12
depot 0 0
Coordinate X         Coordinate Y         Dronable Demand
7125.614615543718    -3804.91365822103    1        0.6360028347408081
-9331.556912004797   -5362.704336575331   1        0.4309853578682493
-11055.90703732849   -148.82596904629054  1        1.3033309595250104
13657.779879951644   7419.265385875468    1        0.5293321514947444
1046.3050848568946   206.037981497519     1        46.09056580217761
-5059.158036557186   408.4783953417874    1        0.6533599675482546
15219.526272840458   -7272.54277536142    1        2.3446349783925617
1677.0800821339724   -12194.453816121115  1        15.194250551145606
-4829.816229711485   -14475.270593602714  1        25.22935309508103
3908.0703348551074   -5532.974886618975   1        0.4790827508588216
-8344.30633033529    -10344.664176693725  1        0.32062601385994455
-5725.518168100748   899.1892178835458    1        1.0798709855414623
