trucks_count 1
drones_count 1
customers 12
depot 0 0
Coordinate X         Coordinate Y         Dronable Demand
7128.497973295867    -9262.018301553022   1        1.1803027448890178
10939.398392717254   5165.663289645473    1        0.5434257364129974
-13245.01398790422   -14.70225561372377   1        0.7567787264487735
8911.650480907343    -8134.8992094026435  1        29.072290622283784
15356.526836744502   15282.356087276978   1        22.284564174463934
4460.910154802396    -9826.786078332498   1        1.178402253564907
-14607.649386494571  15157.452549073321   1        0.7315854479342082
-12586.870722877184  16070.417440729221   1        1.8286384520919676
-14345.976165161721  -15048.93488292293   1        2.027753867125774
7051.579119302578    -2217.9302692988613  1        2.0834688169762297
9021.806891510258    10016.436993284102   1        0.6722787791367019
14397.43446491392    7314.47098191956     1        1.1794117729368154
