trucks_count 1
drones_count 1
customers 12
depot 0 0
Coordinate X         Coordinate Y         Dronable Demand
7203.464795229847    9787.648022024234    1        0.332100259730857
-9192.729439972258   -10778.701306345023  1        0.9668750942887061
-5788.031825141871   3472.5200490957413   1        1.5464208899840348
14259.825290630995   5886.258435635163    1        1.1210227085382805
1179.7314265785192   -11162.81412170094   1        2.1308602087910415
-5512.362625311135   13738.248972942158   1        2.329500609663677
14557.77148024743    -13213.392372976567  1        36.358213228036796
2792.9587543950456   10658.837313166137   1        1.775889474483704
-4271.10743665887    2222.6654411794016   1        2.1935082392729988
-7777.822892625514   -12587.410218975961  1        1.297506424270123
9924.424904031832    -7771.888270695402   1        2.3152501920446587
-9582.752280485971   13177.39157101515    1        1.2674715746637442
