trucks_count 1
drones_count 1
customers 12
depot 0 0
Coordinate X         Coordinate Y         Dronable Demand
1783.566172200041    3002.662863134805    1        61.94524720785845
-3223.1128693651376  -1491.1203644782322  1        0.7683064562495903
3640.9131476415514   63.38641271832638    1        59.188266595789116
-145.15159967342737  -1764.0870999897163  1        1.9839644314714813
2947.522465224457    3312.0280747089723   1        1.4378840790491871
-2171.458485525083   472.39100376879003   1        2.2284867138395024
-2472.0605360075742  -1089.0793204197698  1        0.005486424270404466
-2231.9733230358165  2056.6001085129415   1        2.016888484887759
-297.854368731965    3997.653894798217    1        1.848196516868315
3334.649411860322    1103.03974133534     1        0.29224091195814206
2891.7880939893953   -3408.780046784589   1        1.375584272437314
-2432.604947358718   -3010.461492407575   1        1.3784932732217159
