trucks_count 1
drones_count 1
customers 12
depot 0 0
Coordinate X         Coordinate Y         Dronable Demand
1787.8910889227927   2863.7250587985154   1        0.5347019515688889
3043.1598479069844   -1792.0091649579738  1        1.4429486157593694
357.2528416834295    264.57234258359625   1        1.3843609735975881
782.3753809093665    -955.1741128123538   1        2.393228991424955
272.6950930558682    1786.3452333781568   1        0.9861280928581992
-3984.7965582021257  1212.9338136354772   1        0.3787401691690942
1067.4954953679912   369.0335463268731    1        0.32718939053189594
512.2599898255647    -3826.412526589674   1        0.0816387322867454
1521.345008659846    3137.1569811960076   1        1.3095244660959373
3.193068153410764    -1971.1133326844933  1        2.4185573086625887
-3245.922313053228   2992.7119479930952   1        0.9855007523391501
3611.6642419742216   -1434.2592060699703  1        1.9757378485822228
