trucks_count 1
drones_count 1
customers 12
depot 0 0
Coordinate X         Coordinate Y         Dronable Demand
1785.7285706086805   -1090.1660989860766  1        1.401802295630066
3933.3834892709237   -1641.5647647181022  1        1.1056275546309313
1999.0830546152272   163.9794376036972    1        0.5240175983204926
-3704.748169334767   2663.729333646229    1        0.9385967114482183
-2413.2512208598373  -1474.1734658619075  1        1.2120060673272415
-3078.127461910868   842.662528607605     1        36.65467265542564
-702.2824004143196   -360.0228270937122   1        6.858053173910132
3163.5033333948736   -884.9062090383659   1        1.0492636272137037
611.7453199639413    3567.405437997112    1        0.3288604728556746
-2354.438879898606   3589.323204325424    1        5.261457666157634
-177.06710953191717  3815.325950604253    1        2.4305425310146838
-3433.8303526922496  1800.999710713963    1        1.6771155609019694
