trucks_count 2
drones_count 2
customers 20
depot 0 0
Coordinate X         Coordinate Y         Dronable Demand
3721.391024896266    3732.1206889932996   1        15.835596772854299
-210.60820721527924  -2984.978241795304   1        0.2994249116279604
2818.6909143770354   7302.403244815381    1        33.48375883846622
3286.8518419121056   1182.8944369899605   1        1.3658494316688623
-993.2127824297514   -7558.367349679646   1        1.714902716465386
6084.079515951202    535.0751597645249    1        26.289780374576722
-7447.482587722759   6912.0245017128      1        2.4091889749065762
4899.785861145152    3500.4670869861593   1        0.8382679402980664
5279.788096933593    -6602.30799617923    1        0.9918779241916698
-2180.802503086228   2533.1269889185323   1        1.9615495394859404
1451.1025254121423   4240.881373249496    1        1.5024282198994126
-6547.7144359952135  -765.5996401918413   1        2.029354805062587
-5917.8242702612715  -4336.5835568998045  1        1.8558015281536289
4514.246574596347    3658.1680579836066   1        1.045551642321262
-3975.800960825917   -4101.642867043467   1        0.5170312235120422
996.5562833479541    7610.610124799769    1        0.8258445404787442
-5838.235023115859   -2729.3582163651017  1        0.8523355618918336
-4758.4367259986775  153.0117758698569    1        1.4378919759128475
350.29302369213167   4549.309267301683    1        2.346227360537582
734.0666179760615    978.8594957118229    1        0.27402242227178936
