trucks_count 2
drones_count 2
customers 20
depot 0 0
Coordinate X         Coordinate Y         Dronable Demand
3670.93274385555     2670.8205804971285   1        40.71258502310239
-896.6424426868931   5889.869978017282    1        38.23712312758771
-7152.259608846186   4955.234422770311    1        0.3119140748536986
5876.904094829256    -207.70346696650253  1        1.8951393744305873
6072.9470391590075   2194.5465186127035   1        1.0168125427805572
417.290004133625     2624.369204527134    1        0.0315283268062197
-461.9808754095088   629.6684824032869    1        1.3659217586379826
-2976.1085762641605  7761.855295886492    1        1.2938914909284964
-5215.244159682329   3436.822342765291    1        0.3841316840823661
7181.547773809496    -7199.834053994362   1        0.8080373743882794
3319.484740279227    1977.2877810952518   1        1.6945820685122504
-4643.7086312940855  -378.9469136579198   1        1.0454281775478005
1410.2320903842      358.72506019378176   1        1.3783150486016558
-2088.9810205314348  3886.1119937151666   1        35.241620442588996
4918.799690547691    -3072.905991161107   1        31.804783473411586
6388.406574009627    -1515.5628511037505  1        58.89613171237797
-7732.294147451388   -4827.479480601091   1        0.5452704584034149
-7083.1418849994025  -4719.668023333985   1        0.2077400215599623
7029.125975931968    7901.730084987524    1        0.8221198912403493
-7191.132395254597   7586.02389445967     1        1.1965823844962138
