trucks_count 2
drones_count 2
customers 20
depot 0 0
Coordinate X         Coordinate Y         Dronable Demand
3724.2746224593593   -1724.9844339605804  1        1.5975920635351328
3966.906857695822    7543.389384425498    1        0.5243056314645533
629.5839638013055    7436.527198058894    1        0.08948174905616085
-1459.2768376993668  1722.16984171185     1        2.335604297404321
-2776.431270353088   7517.950756099811    1        2.397650758321293
-489.29253250015944  6393.2504462792995   1        1.9580913820533274
-5087.778726679674   -2844.8604136633994  1        1.6830899512427728
6729.2748163230535   -421.5414163525679   1        1.0265179730938578
-4236.372318138535   -7175.97252531039    1        23.782799037076312
962.7065211721828    5848.171606238645    1        0.1703216717207559
2723.7757472576895   -7584.897216961734   1        2.2057337132000248
-2518.201563169606   5649.681884033229    1        2.22843634260039
3319.4935081009926   -4145.07441038859    1        0.9545150391421473
-7983.178216474389   5944.205478852961    1        0.31960144502198223
1033.6866525139294   -1401.5524713255875  1        1.4112328469424993
2067.8884380322465   4913.417524722331    1        0.03574858842738504
1626.9980971102789   6586.785595510789    1        0.5841678652277984
-7844.2843558294835  5949.201533495434    1        0.6510435236121646
-5549.105444425056   -3459.0714673313955  1        2.2904620783906955
6704.686017567636    -1237.9429728420707  1        0.8641618647098775
