trucks_count 2
drones_count 2
customers 20
depot 0 0
Coordinate X         Coordinate Y         Dronable Demand
7338.982129958954    10798.746283948138   1        0.9141957386734869
10122.640289526058   1251.3728094356472   1        1.25157199182219
-12115.41226711664   9776.344652486163    1        0.8584663079299354
-15686.943370540961  15138.758140966991   1        1.4102619229364064
-2164.327673569596   -10687.225068554051  1        1.9254385218526038
-8685.487703470444   15484.00336235044    1        2.0064860780424705
-3283.6651322402117  11016.222119993716   1        0.478971289096336
8311.733652482832    -12741.161144699237  1        2.4497664559041494
-914.3283839144202   7447.309454472683    1        1.7239103778375473
11219.585803927748   14472.167274691163   1        1.7036513455237745
-10727.143261665211  15780.354392212674   1        1.342929340488396
2776.5096247752767   -7173.175111729966   1        0.9458873901524473
9676.586162595191    -15567.498786312708  1        0.5789582558544935
8319.462270385979    -10607.252953817135  1        1.6126552309612023
4828.1115279445885   -8845.902378040097   1        1.92140241154575
-4387.958766854097   15759.506178437106   1        3.7463896602768383
9257.058584871087    13215.777226921931   1        0.6793543253618839
5013.003620021058    -15235.525804293547  1        0.6011642663367553
-12229.22910039699   7718.4011444190655   1        24.770065858608334
11833.995330277348   -14798.029742526764  1        2.151512681903621
