trucks_count 2
drones_count 2
customers 20
depot 0 0
Coordinate X         Coordinate Y         Dronable Demand
7344.748365841363    -115.4639619596244   1        2.0027955589699062
-13709.209580651737  -9878.772417744636   1        1.4764527116587827
15693.253831731901   10044.593038595076   1        2.265361879030365
7007.679270236101    -15969.571529211114  1        2.3800167886718655
-5730.764169794379   -12721.469336617025  1        0.10818652645560783
10354.647720004948   -4986.526544241903   1        0.5565705755699688
1435.7425898459508   -8497.548190380568   1        2.252872265432532
11970.711562838633   11601.702328245203   1        6.116032979964507
12240.230785941329   6299.97991658848     1        1.5443530275800879
-14680.275667933543  -11084.623490668613  1        2.412423440505687
-8181.797297596002   -7871.202788209783   1        2.0462347965361047
10835.535370426493   5657.387936720174    1        1.1449689276902506
-4035.657801058393   -15184.480493290279  1        2.177671766843012
15511.493167866396   -6035.178591700311   1        0.8867050336619229
14847.087713868063   -3445.721586604333   1        0.3156039977233041
-2245.294937107399   10365.121937526004   1        48.54587474050517
-7999.355174676637   -338.8146697044055   1        0.41118659144494585
-1158.6921192624395  -3643.146289042392   1        2.3143157767831695
8158.8534837467505   -8298.36032484709    1        0.7942372315404547
-8411.645870539505   12955.24484074356    1        0.24165208708880614
