trucks_count 2
drones_count 2
customers 20
depot 0 0
Coordinate X         Coordinate Y         Dronable Demand
1863.5789901057544   -3591.0446585517575  1        0.1861918465786494
-3974.5090386965394  989.1583854176776    1        0.7491863885540495
-779.7613734817411   3785.325575651204    1        1.4963773201565902
-3102.702758655418   1130.722503311398    1        0.8053591258868773
-2279.8246393272684  3250.4144309396333   1        0.580398762924297
-3531.332290475761   -1921.007133602965   1        15.814208045017637
-1364.0374328182966  1745.8473354802002   1        0.956990927578969
-3767.3381142495227  -2171.774959845647   1        1.2147680803954553
1170.45363339467     -3874.818647126245   1        0.6327632236767513
2053.1078926207697   -3465.1120081260938  1        25.532257663635967
1998.2243646461457   -1658.6180234919527  1        0.4090392065006368
755.6556548279995    -2014.238295870851   1        2.4275178801381934
-1768.3142368628992  -1976.782631938689   1        0.053228512877762646
-2193.58138386709    -3931.5984302333695  1        2.0936512477227023
3021.587372737833    649.2689621961467    1        2.305434433120053
1569.610176452798    1108.1125822279193   1        1.7456525991231229
-3500.604391331791   -95.25517640118974   1        10.779204416370593
2581.654007169855    -2174.0243544394934  1        64.44190989233475
2322.467923823406    2312.9938990177634   1        2.2346967962438096
-1709.0672914203951  -1727.372840603454   1        40.602694247276695
