trucks_count 2
drones_count 2
customers 20
depot 0 0
Coordinate X         Coordinate Y         Dronable Demand
1861.4164717916422   501.7840637581802    1        1.0532921906398263
-3084.2853973326     1139.602785657548    1        0.4118652901727085
862.0687195445848    3684.7326706713056   1        0.6360339821323977
456.89369110044913   -3297.0939303245477  1        1.8507268459101403
3080.9489268515536   -10.104148394958383  1        0.8062767373933394
-2624.663194184503   -2291.2785385363086  1        1.4330491705424815
-3133.815448506079   1016.791081965086    1        0.796139481701126
-1116.0947706802128  769.7314776111331    1        2.1823929753224136
260.85394469876394   -3444.57019032514    1        2.1520992676893917
-304.52393552577547  2095.324528883822    1        1.065935605603348
-2979.6403119270703  -836.0040208807949   1        1.85408098517617
1756.8810601615307   1221.0205010076118   1        2.1288955924579396
3373.7773694126663   1902.9454482251654   1        0.1551582463949852
-867.2327905640386   -1622.7664958853863  1        20.3835054441965
-735.528637030732    -1375.798834592264   1        2.2141320352272706
-3257.248759702214   -892.3531475722109   1        0.4307965644530648
-1052.8092315013948  964.3568447864213    1        0.7182516949333645
872.6797894956954    1525.553327341323    1        29.86505455576463
-1299.703225088703   -3750.800609960165   1        2.31834473809059
1859.6881588859237   -64.77086928256199   1        1.8190921621172849
