trucks_count 3
drones_count 3
customers 50
depot 0 0
Coordinate X         Coordinate Y         Dronable Demand
3668.0493861034024   -7965.514056738049   1        0.36989582852527736
-5074.157507597993   -4638.497408392578   1        1.1391316132774418
-4963.152898081398   4821.110469526795    1        1.4050185410061722
-5470.407465370217   -746.9786318774484   1        26.74507412781236
7856.1652872714      3211.6684128332467   1        0.3340645009246501
6990.662052584988    -3233.805842176695   1        1.4814438665316243
-2821.6847364525897  -5706.886602220513   1        57.31094547233286
-4805.597531442064   -4409.576200774783   1        31.467805227050814
4300.916015578853    4010.4868718964494   1        0.5636890343398251
4038.0385097401413   5578.561328685525    1        0.09926524215346372
2046.8119980555657   -2290.3733888825755  1        0.9912766124645414
7420.218495880307    -6794.228677693934   1        0.846346640009997
-7827.085687978065   167.2159136825696    1        2.2796015376131376
-5684.996469271641   1600.0745728458114   1        1.9756303668637454
-90.68816260310086   -5772.996626689933   1        0.22430159983052173
5317.074659136277    1181.629509162743    1        0.44262010046372674
895.9127323224734    1949.8164677120772   1        0.8134381550674499
-3997.2942551685956  5577.582219040436    1        0.9945884738606453
-3164.9155559508436  -183.3291803793992   1        0.8778851733872356
2931.6882051538305   -6290.613636986436   1        18.38880508192289
-6507.641722279226   -527.8726406881988   1        1.49089447863
-2215.1707574055667  3738.2984035452628   1        1.1003379271395555
-7243.700646466617   1874.2331306148326   1        0.1422277936205188
-6023.867772559872   -3907.005167083213   1        1.2869241400099907
1837.9307564566209   3450.5209670305057   1        0.8372457300312219
-7597.719488353542   4152.695745033162    1        0.5911252411477288
2339.6971454945897   -4518.717778825275   1        1.896344839900597
753.0134481495547    828.6169980027696    1        1.7503329433959762
2975.146674520511    -1484.6533049772293  1        1.855133296326931
-5319.783504735025   7663.862626928398    1        0.7979106260569591
-2031.4733163726971  619.1100693484238    1        1.9907355194002299
-1077.7268987638117  -4604.626121600447   1        0.6698968427156665
-4850.9333827178625  -5848.28553345449    1        2.1246166315419317
3793.8206082966262   -2009.312874349073   1        0.3977984754059155
-7903.81529262366    4007.288560404914    1        54.30571717613298
-255.18368746304043  -2850.1587674316793  1        2.4753650851839764
8023.351038120409    4288.508910154102    1        28.057851252185472
-1713.258445501353   7331.902908437292    1        1.6122340068314838
-6570.196109408097   -5451.766631165388   1        3.4596344053143606
-7925.677337448303   6810.370022088512    1        34.263257025347066
6843.056420388463    -4230.775953366933   1        1.9818683284320835
4075.7998614253947   8022.683935349925    1        2.0399651804458876
5924.901573283311    3863.8324778232673   1        0.35228613118803126
-6454.434993657081   1232.0304647433577   1        0.6613619369902279
4366.260805623997    6872.624831651259    1        2.0290309302090996
2087.0762574918954   -7653.8200681917115  1        25.41898246962105
-1829.381600807316   -963.5398244625447   1        59.687571386111294
-6302.208845190908   5705.783632786425    1        1.96678936535108
2368.6718533930652   -6686.364565763897   1        0.7025408981327957
5438.906807338693    7145.120905119454    1        0.7579515900938592
