trucks_count 3
drones_count 3
customers 50
depot 0 0
Coordinate X         Coordinate Y         Dronable Demand
7321.68198344606     11354.497501293295   1        6.387982477946801
-14942.45057956243   2454.9275317327283   1        17.615560630559106
1019.228477093964    8971.601412646967    1        1.6377796318815503
12789.828707127865   11903.106192257545   1        1.000997362982932
8534.98181510476     -4584.4932236089     1        2.3771944707906885
-1432.1358923841588  12521.83212288369    1        1.3562326227128783
14744.991221879418   5183.77017338526     1        0.15726836008774725
-2665.1991193408035  10790.889875333116   1        1.8850162085051632
-8191.125893481667   10889.296629259634   1        2.2625824286099245
-7641.468341622721   -5418.100429229506   1        2.0773349488193276
13823.69884612717    -9825.61358689806    1        1.7330128605865598
10786.312867443525   -13477.984736702272  1        0.34864281479194015
-13560.440987200283  15470.32585499813    1        0.7828177228889386
-13256.629462811492  7863.401561722956    1        1.2905058601119452
6958.0639294179555   7140.43476803073     1        1.7387975785072824
-10815.951215337966  -244.21870072015506  1        2.417860055097931
-3347.4601364857426  -10494.20708319907   1        1.4838574153539894
-8658.790121372227   14361.095649952984   1        0.4617096232388046
-9019.718771315751   -8605.074927404356   1        1.0172983601280001
8197.15941234979     -1497.214931203408   1        0.38109435458935664
3014.141210884618    -3806.2136221671744  1        2.3681673582651626
-11963.478589641605  13372.235428325372   1        0.8931534484028547
-7188.533918985017   363.40492198584764   1        0.7229928985539863
10915.861455462655   3770.1827643944143   1        0.9451149740650477
681.9134026106068    -10055.755549324978  1        0.25423449778036955
3082.632828948288    8685.952274761465    1        2.1770378880388193
-4627.6919158255205  6668.725309181714    1        0.2607748994239162
-13111.984019413665  7159.508436793315    1        0.5491359380277396
-5973.272243910157   546.8834245308755    1        1.3567822361081325
-5240.9777553946     -14546.154922888523  1        26.931776664292514
-11153.47313476617   10695.731422671062   1        2.0702709794419634
6943.387561844852    14939.958110793254   1        1.5871215198017306
-4093.1159872840826  1128.1752100022807   1        50.64745623038933
-8894.410237837812   9395.865850256656    1        1.0758231373163678
2456.189841622929    5926.129396347877    1        2.0058608751557787
1151.51924409796     -2804.4892715597357  1        23.153317400350744
15500.783597358564   -9019.103360642925   1        2.0776107708660194
11024.132529085453   13818.606137351813   1        1.8736913685578345
4094.7858352103767   6258.239179344927    1        1.5624006080777686
4118.0154096662845   15634.386303382658   1        28.85321832328344
-13582.14244396924   -12509.108758279614  1        0.9183040068113874
10148.634521625812   -1349.1992578366387  1        0.029857950868378558
5780.321158425973    -9529.323356657444   1        0.6966489600522596
14666.914706882786   -1022.6871069658056  1        0.16385986247413276
5236.8617376034945   7628.232701697322    1        1.1256555642320265
-3674.6744465448883  13851.880399119775   1        2.0548589923988954
4779.296349629935    5231.569483761498    1        2.4943970167246694
992.6747191469949    -13309.957371644841  1        1.1124104633621565
-4667.660540620853   -9277.5110535083     1        2.3234127505610176
8927.14782811523     7660.769304288509    1        0.6689933315294048
