trucks_count 3
drones_count 3
customers 50
depot 0 0
Coordinate X         Coordinate Y         Dronable Demand
7324.564861576322    5897.391898717533    1        0.6926962251853417
5328.504245537726    12983.294678331642   1        0.6893701736042559
-1169.87799385988    9105.725605701427    1        31.09015882472527
8043.700267327337    -3651.0584030205678  1        1.4858747772242102
-9341.676433007633   10491.82440254867    1        1.4685684544657391
8087.932298975426    2286.56716958752     1        1.8812748714766276
-15082.184917077504  -4573.114502179998   1        1.044218866882297
15257.729596026154   6868.8816118053355   1        0.7291412435295103
14479.594171068095   10315.631860317533   1        0.9228037348547435
-4497.959557175254   -2103.055811909393   1        1.1817210521896384
-997.0684116491668   10535.487583079765   1        2.0846655886104144
-1277.6140199199256  -7062.702972666259   1        0.4481836021872934
11770.31703097293    -431.6047586797124   1        1.5821744783831977
6432.82622573966     -5944.001017407688   1        0.9275307242094022
11967.55178256875    9840.52516374861     1        0.9358983902225106
6348.821179157271    13152.028459391466   1        2.0228120418193485
4117.772983740394    -1178.0632713231803  1        1.3497735856484234
4348.802008986029    -12029.594592421436  1        0.06828541571491459
-14919.117239432939  -520.015901848376    1        0.9894157004281054
14167.778332319476   -3714.0169201354115  1        1.9261640944348524
12683.008183871627   3181.2558541422277   1        7.549074897259006
8855.27682532449     -7119.020008148464   1        26.986267407145526
-2210.9311060015316  -5396.958330543506   1        1.106839855215551
-12988.985944653825  7890.72004875787     1        2.0134767998034557
-11594.049071253245  -13101.771956723405  1        1.3708367293293788
-7010.357628107164   15047.215830049308   1        25.028210592112963
-15641.027058160093  9964.868943966509    1        2.0878888875192523
2686.3700678045134   6059.053644560139    1        0.28937530929906474
2848.8168746800807   12718.397321709434   1        0.9564524779542147
12991.432489714689   10740.74901653616    1        2.405590550624307
-3297.991450664504   2366.853165876222    1        2.0543638948841974
5123.6193858947345   3672.740423691935    1        0.9036765322304535
7659.886240783098    11437.977666846893   1        1.89507466158745
7276.7520530484      275.59162639007064   1        0.9402182198354386
11678.177660324503   6343.818845315888    1        2.0001521900187678
7256.517728444394    9491.097363552673    1        2.1257086255961286
15609.967484983767   -11937.254836679567  1        1.3571867029533755
-11178.125450856556  1112.8938814076125   1        0.8213999111137255
7085.126512178196    -3611.491596763346   1        0.2572459175861552
-12750.610511321915  -10517.84685253409   1        29.935226454106594
11183.636804828748   -5262.221675743598   1        0.13101686368494597
3311.8519455683163   -10745.03754435621   1        1.4318793744321388
556.8417479028545    6796.8263058033535   1        2.1277763793782527
9151.757959892151    -6762.713403750925   1        1.263360269926771
-6938.758767289496   15289.012094018364   1        0.30633064487802175
-2104.9091501635276  1582.6002920191345   1        1.818841258572712
3091.6841516078894   10237.215081677918   1        26.920076138181756
4710.632045392479    10946.475363949943   1        2.2832862363093605
3650.7165966336743   2778.197618660933    1        2.499238365174212
2879.9052732007954   8986.663517705454    1        0.18678499814345662
