trucks_count 3
drones_count 3
customers 50
depot 0 0
Coordinate X         Coordinate Y         Dronable Demand
10956.572755399751   17865.372358524863   1        1.8825968914007771
-11730.991453543547  5487.723381044713    1        2.4022876728026317
21230.804551389683   12250.286539778834   1        2.417093030338971
13619.581177195036   13001.181365322132   1        0.5917328030294583
-19428.882324898495  2277.357212571545    1        11.118500996893864
8731.824597486027    14339.491325125411   1        0.7059791673832863
880.1513639985635    -973.0212209691387   1        2.335565393826256
-20463.197836746658  3204.090623615371    1        37.09096818098183
-23201.884385140547  21496.926425502712   1        0.30125447938230243
8526.534830374552    10317.767800274742   1        2.4510185893677843
9281.491430879329    -4867.051629580372   1        2.1230963806847236
-20086.14583483234   18606.129176920957   1        61.48663387310355
-6915.882924926462   21481.905744463445   1        0.9866771899233837
-3968.761794013445   -8779.235164672597   1        0.9683564520097848
13632.02449633698    -13590.16212884767   1        43.27225188333506
22414.405943132915   23908.40319131822    1        2.288147985757815
-23927.96828676386   -3025.9678094129267  1        2.2883605425989977
14784.444205851736   17656.257095164936   1        10.943081455716431
-8715.311943918936   10887.493501158335   1        1.1845942065686588
6840.484522200518    17705.400539612765   1        1.1106760645279954
14062.048340011015   -20316.227158901023  1        0.4208948510802607
-12192.736619157255  11358.375667916749   1        0.6445321335234586
-7300.901878731943   4108.060252907067    1        0.9199110095729859
-9884.180496324869   16850.75714845486    1        2.034943945128794
14945.89021039208    12330.514342598353   1        30.131071090289307
-1099.7780819441612  4057.8735368203133   1        0.0801330196046443
-4382.165909324136   -19662.20690758905   1        1.7980909335989959
-17012.203533516928  20643.357224154246   1        2.107699486882372
8201.92956682265     -12162.661376676342  1        1.2587609340432517
21168.122599790167   -7999.769278020627   1        2.0940304279303916
9131.10017696558     -5557.138554839819   1        2.165713524041463
-21487.32435424883   -21026.06005273409   1        0.6877910727003628
-15356.051875232262  5464.676386804905    1        41.62645876323032
-14041.11525529981   -384.3724903829468   1        1.8894527167077493
17247.03439412024    5129.989053809698    1        2.040112911472037
-4937.389651269486   -18306.37146505279   1        0.26380988650997556
22268.521846276657   12734.711121096727   1        1.4001551038360764
23235.23917424061    -9761.643368205801   1        0.6874401504753908
-20770.883742730653  1654.2928762605277   1        1.8933286392687398
13153.696403393233   17420.078577757573   1        22.36117344244879
-1863.62402740443    12574.990242025091   1        0.6420267910642299
-19806.642155312515  -14021.890710914673  1        1.6177292604742064
7401.477151779828    -16388.371997133316  1        2.1098844068433977
23356.464941538376   1845.8874494830238   1        1.0668573805053991
20875.231394979484   -9224.344758910538   1        1.0416050803560548
-19639.90005668239   -13639.617717981762  1        27.939294334353125
22357.450709479162   11076.85808893184    1        1.8683954176457283
16307.713984212656   3128.7678833140326   1        44.08348068073591
14693.758550942119   22423.3168090801     1        1.2684590256289483
19535.587614134103   -441.89684205108864  1        1.062243406350898
