trucks_count 3
drones_count 3
customers 50
depot 0 0
Coordinate X         Coordinate Y         Dronable Demand
10969.54786528442    -6691.601414200426   1        1.015496584592503
-17072.333301727176  4585.056979605487    1        0.23960877118397284
11379.8232737989     12853.843969658223   1        0.7774363311102606
-7737.997521340168   -8712.240032862188   1        2.0463650830061955
-3313.205160837092   21840.4686885791     1        0.10307244525973092
3291.8107391713133   16561.119754725467   1        2.2811058764216305
11498.81873869243    3401.3177389872053   1        2.4964168769570017
11909.662101837486   -14444.946562259645  1        0.3526410661792184
-17744.28697239794   18915.43640412891    1        1.281918472622565
22672.325799253824   -23044.851421784762  1        2.2641767877200074
-9131.640509681374   -9802.735645247314   1        0.6780546020091902
22186.821733166475   -805.4243237826383   1        0.050020527111686586
10511.88815685298    -1796.4627365196782  1        0.884747456406161
-11926.852634398927  -22632.226051327663  1        2.379431156060865
-12105.599445051628  -1439.7546286843713  1        1.6474951806145
3095.2402794958125   -12369.122429881007  1        1.103004020427873
9665.580754253762    -9383.639936538595   1        1.8861089789764933
-23242.030488103297  -4541.209714952792   1        45.51993679228656
13017.71494955372    -1010.0594449740969  1        1.100946264721878
-14572.048179637397  7729.789431120242    1        0.745885209558676
9291.629718452552    11127.386203924107   1        1.394531123299163
-15068.977251809833  15708.364764918822   1        0.7688427909631566
15098.309340828093   -21813.57582234067   1        56.77204217248939
-20895.35451628186   -12887.144352476762  1        8.788771841439331
7984.379797437582    -1376.55949069456    1        1.9044277658804387
1762.0855807391404   -15596.759744951578  1        1.128585416568829
-5661.85189153121    -4829.559112191821   1        2.2794329351379075
5800.070578397704    15691.309939672103   1        1.3284177124550558
-378.98939952129626  -5671.1688393728455  1        0.05777158507569213
6653.327983349135    9230.659888256128    1        42.14768645002136
-3799.55440287542    5243.230009016223    1        57.99139650761986
18604.038134542814   -23448.221083555687  1        32.30135496177742
-10747.862568362776  3578.4696009041636   1        46.13695749680983
10448.794334255324   6854.713502217428    1        1.4826379270120584
10465.659578277322   7009.592293598588    1        2.022986893313908
22535.10496715514    -11256.553045912611  1        1.7760522032611838
22759.848621157253   -396.97195993383343  1        1.7388829373510477
19885.718983934392   -18657.02780052187   1        0.03056577814306405
-7314.352135241126   5520.825822638958    1        0.4778646050468027
-14474.799521620836  -3704.331343300632   1        25.607195882866115
13021.741153320854   -3094.3364476971615  1        22.94033345217059
-2291.845186436897   -8022.844439118403   1        0.8237936056712925
-16104.18019557419   8798.981483940259    1        39.265587594346144
-1461.7418587851384  -23984.231605482844  1        1.8653586401162172
14365.26200069236    -23031.158212898692  1        1.0836303222940407
-12575.956222966279  -20571.058919367468  1        0.2629121938774451
14763.197257245612   -14678.053842712954  1        59.6525808902522
-15241.797328249839  15722.075193490553   1        0.09978310726764139
3846.1342297218375   -19886.63488559118   1        1.7959358694685315
-7677.0053218465255  5524.6285571908375   1        2.1156183689401513
