trucks_count 3
drones_count 3
customers 50
depot 0 0
Coordinate X         Coordinate Y         Dronable Demand
10965.2228286562     1494.056270230395    1        0.4711966744442933
801.553741189753     -11207.493740292883  1        0.12716839263922475
14663.48369966249    12652.65839950937    1        1.3239885641864975
-618.804861639377    14619.006860054971   1        1.5614876315120143
23501.782211331494   -774.0084700900832   1        1.0116984615846805
-10988.29154786806   -16366.302815330275  1        48.5088670446365
7959.263666560635    18036.644752335094   1        1.609466407415355
-14974.731690645782  -8561.934166967974   1        1.5085160311548713
-3470.045630356921   19775.932838109235   1        0.1216971291248431
17957.061903149788   20262.901652235076   1        0.6597906843496968
13099.50965755031    7935.932599785946    1        0.3264018739853358
-7997.607216355518   -10428.34696983666   1        2.4504797769692366
20796.071129593165   22056.43318399709    1        0.08539070091190204
6819.283832774352    -1921.122182631693   1        0.24240625471050492
-19619.831224777816  -5489.890941694025   1        2.4503944061521747
-22651.91759281421   15816.826110518732   1        1.4980519592006498
-1532.2689260854431  -23357.855654352432  1        2.0201928459349623
5526.900596926494    -13235.49435139116   1        2.0354065650930737
21866.8126517295     -13137.648702740898  1        1.1288289244217724
-23527.977279024763  11054.993133951082   1        47.061366282511386
-5211.67074102796    646.181270027176     1        1.0699857364790986
1983.2096257410305   -1835.0720803704266  1        0.7274059175675582
7631.90512135286     -13173.030943546648  1        1.6876049974019214
14961.91658389286    -19067.950998454777  1        1.6716675966056103
-21881.99649176664   3192.465839835907    1        0.7878255343314294
16901.571266322317   23141.664922116666   1        2.4457679384964663
10858.150102537815   -9773.775283801844   1        0.4523189097896682
-17897.460552429566  17341.992847454705   1        44.11027156298769
-13612.123796839478  -23928.438965707846  1        0.4581013804825129
-20695.2873843148    19580.623259686265   1        0.04019044702026631
-15582.776209595087  17736.546674775658   1        2.133899354925931
21333.69111790082    -6547.393833470882   1        1.8209012093165176
19902.95408953645    -11886.234803795593  1        1.6081472736501539
-13807.949102074002  20535.124118584474   1        44.89796350174234
-3367.322149775044   6383.057400713734    1        55.65182317938802
13377.607240635483   18580.38772085161    1        0.4386380976774479
22596.073509152273   3980.25597355396     1        2.4593070052636916
4908.785234414574    401.54130282726027   1        1.082857235587173
-11799.863150692858  20325.421986801368   1        1.783019295538416
10828.138640428631   -12756.30160942551   1        24.525187752042967
-24126.9270004433    -13964.66707150119   1        43.567256602083354
7963.328677649344    6070.913710093789    1        1.9217721448546297
-8268.961079789522   -15690.243009750931  1        2.4721392454953843
6810.993981133639    -15374.192160305167  1        0.7658581954106758
-15651.627961400989  13757.99269861975    1        1.9029552416480453
-14930.604167538311  -2167.138758716506   1        0.49892992770362826
17294.615554278684   -22186.522959020414  1        1.2437292591701066
-20818.733317618062  -20662.573909901617  1        1.4289072970675345
-8631.430756727124   10310.122825587805   1        1.620110254855337
1393.8592299579598   3535.7865176325863   1        0.09782673957900223
