trucks_count 3
drones_count 3
customers 50
depot 0 0
Coordinate X         Coordinate Y         Dronable Demand
14770.230748742893   -24282.35136662786   1        2.122994189286133
25178.2436154511     17541.705820961837   1        0.5506177505149337
-29908.484074925313  23844.65580876476    1        2.1136307277217585
9871.275511351021    -16839.43460394065   1        1.6683008488200781
2982.1197540204735   10451.408288590726   1        2.3874225959295394
29776.15904261553    25308.333015442284   1        0.40716198375665147
4569.434248141952    31680.929825680345   1        2.1701791742917114
10793.350992927195   -22239.072477750127  1        40.64109777894717
15523.00994986315    -3462.648900983033   1        0.2874515012720677
-5716.055778900238   6278.24230362589     1        2.373828328896493
19271.249861020664   -24995.408020821524  1        1.9693732868932923
5749.9102207262      -2178.620489013927   1        3.5097369618395255
-6921.453970998295   -25006.702965779048  1        25.259059182607224
2963.8950634835082   -12435.066521327348  1        0.8050536525669638
-23161.441806310406  4337.329825379553    1        1.5750152127248906
25506.705660726522   9582.6168283464      1        1.226804321762658
-93.46394226517945   2679.364107822508    1        1.0340126402908938
-24347.358833031194  26259.499676187625   1        1.8063765734254844
-20117.929180543975  16663.661658310964   1        0.403880219259348
21606.531447485067   28213.77864349056    1        1.872628109649617
-19157.88597058351   -22032.562612770547  1        2.008166538858835
-9134.358920775076   26361.857263145295   1        1.8047650728879516
11516.158666915539   4765.847547804852    1        1.6676263921432455
-1.402694199796366   -4277.266285268956   1        1.9490753265745375
-23788.43341159426   -25388.714942668194  1        2.319483889881798
12690.011302919334   -24601.28654764306   1        0.6990223683778912
21147.96717201583    29620.261100575815   1        0.45728274928002244
25166.01371726003    30272.760259864157   1        2.334402813802045
-10017.182310606167  21650.304080380833   1        0.04952699792839382
19258.969518556805   -10822.452674115768  1        0.8402709559589555
1465.425768334099    -23210.380453630958  1        1.7203150074124005
-1809.2684550905851  -15261.360236503264  1        1.5513329853265325
-6044.226409781265   5271.355787555561    1        0.600169929342673
-14369.041595169796  3742.2210541648205   1        0.5925146547127005
24437.288502333937   30230.596465775874   1        1.880269988406055
13427.939473389339   20406.74380938874    1        0.21140499186619977
-28568.111342211556  -17689.365096310972  1        1.2282815375581748
10755.320655428905   -16424.035475915887  1        34.54991290530061
11017.025149860614   28864.655720851133   1        11.643743068558232
-25872.151622635796  -25075.570090546793  1        1.9144040635536657
-31823.928492508527  -28023.975333292936  1        1.0979870442941913
-23026.139651178517  -29872.739429678546  1        0.8743298280646439
-25151.177501627782  -8819.42252428369    1        2.181452371488624
-20211.79512777252   2888.504890548076    1        1.8528690499495961
-10263.475718233887  30461.960584007902   1        0.6005073011910191
-2653.4320153349136  2845.514167323908    1        1.8624689227286702
-322.56866580973997  -26783.468824572716  1        0.6230696460218621
-27545.800532954574  10682.973296830962   1        1.8716777662238693
-29569.301430699077  -3093.9291647642685  1        1.1915765700745184
9270.651729069936    9287.137428335542    1        0.060409773521132304
