trucks_count 1
drones_count 1
customers 6
depot 0 0
Coordinate X         Coordinate Y         Dronable Demand
3712.7411914507643   4009.996057854936    1        2.243192856855262
3350.2865980514193   -2383.2006408358197  1        2.1247827521181812
-6707.428473706718   6900.0313850848415   1        1.9618995764131522
1431.7978807465176   -434.9315373647644   1        0.9565848344624852
4356.441961907426    -4507.001427207071   1        2.166658702656374
-6382.68433869471    -946.0104599688508   1        0.25775346644914016
