trucks_count 1
drones_count 1
customers 6
depot 0 0
Coordinate X         Coordinate Y         Dronable Demand
3714.182870326839    1281.4434963779986   1        0.28749272975056833
-2607.6759893985     2880.9826926526935   1        2.2372230934100266
-7801.981948994584   6967.093481612072    1        1.4153473433369155
-941.2665789646895   7881.426164996182    1        1.4414622859566664
-4581.887162148771   3031.157385871713    1        1.2580327235843272
-1622.650482825864   -6063.642936616935   1        0.7827956779599863
