trucks_count 1
drones_count 1
customers 6
depot 0 0
Coordinate X         Coordinate Y         Dronable Demand
3705.532797070392    1559.3188652396339   1        2.0216933061142135
953.2185760572546    3482.7602936121775   1        1.5625809711531504
-1234.6615768892816  6564.721621881529    1        2.194660704541433
-2796.3205401302775  6263.6004304523985   1        1.0321976887502893
767.7675821884075    6082.52330834429     1        1.709788635269509
2004.025662528223    -7544.728316539368   1        0.13254218537749107
