trucks_count 1
drones_count 1
customers 6
depot 0 0
Coordinate X         Coordinate Y         Dronable Demand
3709.857593887671    -6626.338579380239   1        1.1545930365588424
-827.2287066706242   3181.8717329433784   1        1.8999020695344915
-4518.321762941932   6765.907671652272    1        17.04110493919334
6177.926560357989    -974.2069420866538   1        2.4868300059799293
6139.66021001982     -3489.879532986526   1        1.4839106980533698
190.68770975664995   -6804.18550667268    1        1.7076689689216418
