trucks_count 1
drones_count 1
customers 6
depot 0 0
Coordinate X         Coordinate Y         Dronable Demand
7413.948951892933    -2338.467392474608   1        0.065993216262423
-10009.487543163446  -14692.991786554849  1        1.6750213496978985
-4658.430104354295   13263.566957195624   1        1.6481084714651963
-10338.769520061081  -3026.9642139951998  1        1.5170751402444702
15845.757395886307   -4945.515277531963   1        0.8011626561974627
13528.119036794142   6862.158893246983    1        0.6575844713941434
