trucks_count 1
drones_count 1
customers 6
depot 0 0
Coordinate X         Coordinate Y         Dronable Demand
7399.5321631321885   -7239.821777705213   1        2.344493702774278
-14803.622627908006  -2961.069438036963   1        1.1128195314799647
6287.104168902469    12592.947910410892   1        1.8808695995934774
13391.87411780721    10370.099242017239   1        1.592687994532274
8668.408636448276    -15953.345326807357  1        0.34429266331640396
-1885.340481138106   -6335.2772995159385  1        0.5323732275753973
