trucks_count 1
drones_count 1
customers 6
depot 0 0
Coordinate X         Coordinate Y         Dronable Demand
7416.832309645082    -7795.572515428489   1        0.6102931264106328
10261.467761558595   -4164.624160334044   1        1.7874616909897436
-6847.537054930021   13397.690670628197   1        1.1015562011360567
-15084.897959861612  13605.750711104805   1        54.951156927526604
-2030.900852226081   10130.802348625604   1        2.392536677125416
-9138.69277184628    -3373.10606004919    1        1.1826266829049894
