trucks_count 1
drones_count 1
customers 6
depot 0 0
Coordinate X         Coordinate Y         Dronable Demand
7408.182236388637    8575.743333055036    1        1.4773934332189067
13822.362327014354   -3562.8470389964473  1        1.4501405926084026
-280.2166828247193   12995.319530330486   1        0.241212900364767
-846.511681216253    -4105.514543817091   1        0.5473202745090113
-12774.686587510792  -2911.2714890908783  1        0.11841465159445841
-5512.016386681248   -4854.19215940445    1        2.107499973866645
