trucks_count 1
drones_count 1
customers 6
depot 0 0
Coordinate X         Coordinate Y         Dronable Demand
1859.2539534775308   -3452.1069741209385  1        1.9203924601951974
-2194.0616360631893  1290.0470659919479   1        0.07454419179136751
2503.8988125709106   3584.139645785934    1        2.275690644108205
4016.4902607617882   321.8095161340355    1        12.877677627455169
395.0027328413201    -3270.622607824079   1        1.032154711862382
-1717.9942177987177  -2661.549943469652   1        2.3579223869983306
