trucks_count 1
drones_count 1
customers 6
depot 0 0
Coordinate X         Coordinate Y         Dronable Demand
1859.9746730100965   3230.3366252351193   1        2.464692333090504
2873.6771901173215   3922.138972547147    1        0.1869845703361156
1956.6220749269778   3617.6706940495474   1        1.7291384482848713
2829.958150811656    -3566.7316326854925  1        0.8809719801746813
3972.5581708132217   498.4567987153132    1        0.12352869553743234
662.0227101357053    2826.3538182063057   1        0.382964673014983
