trucks_count 1
drones_count 1
customers 6
depot 0 0
Coordinate X         Coordinate Y         Dronable Demand
1857.812154695985    -723.5545325494711   1        0.8317926398987779
3763.900831481261    -3974.1367471184535  1        64.0611829652151
3598.452287858775    3517.077669164177    1        0.8687950730077756
-1657.1653994324772  52.171933678562574   1        1.9263397001979443
1286.6118568975166   -2762.0616607138068  1        0.3494067072593779
1568.6918064269637   2456.0824132729617   1        1.3078378894708327
