trucks_count 1
drones_count 1
customers 6
depot 0 0
Coordinate X         Coordinate Y         Dronable Demand
1855.6497562873446   3369.2744295714106   1        47.01099422769871
-3392.5955271548014  -3823.6922269731103  1        2.012342410826337
-2806.437619114899   3416.4847641842775   1        0.008451772236486021
1902.4311702288626   3671.075380137145    1        0.4717074202212074
-1399.3344570181894  2024.1396400461288   1        0.5752846817284202
2475.3607828127488   2085.8110083396173   1        2.2327111804324877
