trucks_count 15
drones_count 15
customers 1000
depot 0 0
Coordinate X         Coordinate Y         Dronable Demand
-7881.237593856      -601.024000896       1        0.29255             
-5510.051065728      4530.969628416       1        1.56758             
4204.380622464       5569.089850368001    1        1.66233             
-4356.796764672      1336.215792384       1        1.353278            
-1137.374903808      -4004.8026543359997  1        1.811425            
-2531.48201856       -1293.061233024      1        0.560798            
-2886.7109103360003  -4441.042704384001   1        50.260419           
-4502.22835392       1320.519860352       1        0.897533            
-433.129188096       3348.261113472       1        0.777757            
-3375.141986304      1027.191166848       1        0.275027            
-2104.476384384      -4950.520781184      1        2.250385            
-4227.685532928      -4316.6484599039995  1        1.493699            
7461.997044479999    -7804.244967552      1        1.511769            
7711.575721343999    2778.706225152       1        0.88222             
6804.576801792001    1432.747464192       1        1.452678            
3161.425931136       4996.464333696       1        1.314239            
-3973.8758906880003  -3204.5643970560004  1        2.107011            
7477.528823424001    7205.147351424       1        1.657569            
7652.1828810239995   -2997.486885888      1        1.990625            
1941.26315328        -3448.9239713280003  1        1.568068            
-2757.73969152       -31.433707008000003  1        14.460315           
-5131.391734656      732.47682816         1        1.122413            
-7258.469746176      -1952.388548352      1        7.074499            
-2231.7771041280002  796.020166656        1        1.948017            
67.808100096         4606.872728832001    1        0.309225            
1192.914974592       1792.2958352639998   1        2.212131            
4691.128324608       -4807.588503168      1        1.747251            
-1950.2030592        1290.5828432639998   1        0.308586            
5983.512023808001    -3296.2438967040002  1        0.299837            
-5862.2093291520005  739.712438784        1        1.856484            
1374.4634618880002   6133.124688768       1        1.261664            
-6819.046413696001   220.79877811199998   1        48.31497            
2210.351907456       -7661.196816768001   1        2.053259            
3188.350256256       -1824.9011447040002  1        0.252255            
5234.933708928       -264.738697344       1        0.471527            
5088.636292608       -2195.908045056      1        1.809712            
2775.926888064       38.025580032         1        2.205753            
1578.352862592       -1624.18215168       1        1.136232            
3303.87057792        -6350.45533056       1        1.524851            
-7323.316653312      2831.297977728       1        1.78341             
-7208.591347584001   6889.614538752       1        1.083466            
-664.9616286720001   -7616.243010816001   1        54.74014            
-7248.758964480001   7943.794404480001    1        2.063516            
-5864.381943552      7854.0107120640005   1        1.933473            
6410.4886897920005   6963.645972096001    1        0.664373            
-1344.722784768      139.576795776        1        0.536487            
-2400.52165056       -7572.660365952001   1        6.62098             
7940.374548479999    1212.8869336320001   1        0.798611            
5419.745945856001    -1550.826642816      1        0.608518            
5455.632707712       -1210.8478947840001  1        0.876142            
1795.683504384       -2012.494328064      1        0.418788            
-2869.5794434560003  -2408.627916288      1        1.931135            
-1651.603764096      4186.117786752       1        0.612008            
1959.9701679360003   -3737.865593088      1        0.450039            
1497.62333952        684.635859072        1        2.099764            
-2638.279695744      -4827.161344896      1        0.702804            
-2537.4124512000003  -541.3897589759999   1        32.714777           
-567.556083072       4918.1150304         1        1.262375            
-5.14185408          5677.857364608       1        3.017099            
-4163.5000661760005  7293.608163072       1        1.766478            
-7480.763604864      -4044.117318912      1        1.149824            
-6965.754212735999   5496.693510528001    1        0.815447            
-796.189147776       -6325.45417152       1        7.338353            
146.75286067200003   2260.027528704       1        0.474406            
1222.816586112       -211.66896960000003  1        2.207219            
-2904.822467712      -899.549266176       1        31.890168           
-7076.391784703999   -5284.845903744      1        0.918618            
2459.4236409600003   -3761.762742144      1        1.841646            
4777.654704768001    3274.5547676160004   1        0.287068            
-1047.5171815679998  -81.854454528        1        57.755439           
-7361.804115072      2184.195239424       1        0.831608            
4199.705478144       4150.09584           1        2.220997            
622.616569344        -1139.63281344       1        1.371596            
-4604.329965312      196.67793024         1        6.709792            
-3548.455460352      2232.314625024       1        8.592446            
-4951.059911423999   3120.612967296       1        1.923885            
391.92354432         -555.68234304        1        1.768787            
740.7987459840001    -4306.112084736      1        27.878887           
3229.6428046079996   4765.005260928       1        0.441705            
2581.2493724160004   830.788434432        1        36.36509            
7485.765446016       3937.1619260159996   1        0.434513            
4389.05123712        -7004.394562176      1        0.209998            
-806.5018241280001   -3967.12952064       1        0.406882            
-7459.536357504      6169.455629568       1        20.550924           
-1303.008588288      -3721.8461829119997  1        1.964121            
3656.50198848        1344.013064064       1        0.908546            
-3223.2343968        4357.57246848        1        1.973018            
-7753.565115648      -5404.383148032      1        0.402546            
4991.056937856       -6477.244278912      1        0.534583            
7362.591084288       2898.50096448        1        1.234081            
2822.533490304       6238.8280120320005   1        0.530128            
-7808.503291776      -2181.267842688      1        2.147228            
1029.603573504       -2916.208576512      1        52.495572           
6129.753113088       -1933.414382592      1        20.36767            
-5834.7136869119995  -3698.4318370560004  1        52.748677           
-4515.721094016      7134.402198528001    1        1.185913            
-7963.158031487999   6205.418030592       1        1.572027            
7025.309596800001    -7273.438254719999   1        1.71862             
-2193.331485312      -4416.878404224      1        1.923183            
5951.123975808       500.53817088000005   1        1.258446            
4596.180247296       7133.877552384       1        0.633352            
6793.713729792       -1700.2574519040002  1        0.462639            
-2193.2123938560003  2468.4971224319997   1        0.966334            
-4705.85060352       -3897.82312128       1        0.713318            
-3429.483095808      -1093.753634688      1        0.526079            
6388.078574592       6010.027575552001    1        0.412113            
97.418420352         -3898.867585536      1        1.681945            
5113.788729984       7594.275465216       1        0.444344            
1114.84891584        2407.702543488       1        1.80344             
-6906.969704448      -1380.8509482240001  1        22.416594           
1087.05554496        7167.499967232       1        1.167577            
80.618478336         -3044.812864896      1        1.242582            
-2552.183010432      4528.142011008       1        1.804223            
1016.788367232       -3557.001076992      1        2.107796            
2082.4943546880004   -1592.255985408      1        0.472199            
6561.876461184       -7559.1692352        1        1.954774            
-6394.429046016      2511.022428288       1        0.31627             
7572.071346048       -372.543823872       1        0.559482            
-305.690064768       -5140.8611147520005  1        1.19669             
2643.5084544         7490.187923328001    1        0.475415            
6099.959327616       -2463.920148096      1        3.030827            
5426.387708544       -7045.4988172799995  1        1.569106            
3198.9670986240003   3999.9633569280004   1        25.712442           
-6339.80147328       -5159.791828224      1        0.972687            
2932.91678592        4612.4474964480005   1        1.418819            
-2843.80740864       -5649.1804638720005  1        1.92972             
-6849.68188608       3374.9150688         1        1.55403             
-6323.022452736001   -6302.461473792      1        1.619342            
6324.031511424       -642.469436928       1        1.377395            
-3740.9619709440003  435.881166336        1        0.674171            
2797.8107477760004   3970.3610833919997   1        0.326137            
5718.895636608       1602.507506688       1        2.12491             
-383.672437632       -2786.6064948480002  1        1.517884            
2322.59721408        -7283.099146752001   1        0.509435            
-6727.165746048001   1528.260421248       1        48.240183           
1884.047755392       -713.805219072       1        51.790797           
-5480.675709696      -3732.68833344       1        0.511771            
2501.1072599040003   2616.700002048       1        1.170499            
4962.483035136       4500.665680896001    1        1.435013            
2830.89242304        997.893059328        1        34.930772           
347.0550336          -6371.5538304        1        0.585828            
-1045.8756506880002  -5383.307179008      1        1.106153            
1414.207821312       1115.7211802880001   1        19.914998           
6146.298778752       5134.31430336        1        1.062227            
5486.367959424       3845.443802112       1        1.06935             
2679.8345671680004   7252.592421888       1        0.94202             
-3439.5640266240002  4142.937477888       1        1.685326            
-1958.0035495680002  181.419739776        1        1.582778            
-461.52606297600005  -305.12840371199997  1        1.399011            
6722.706253824001    691.858594944        1        1.986394            
4353.8130408960005   -4031.7350261760002  1        2.239472            
6282.141896448       3888.3263823360003   1        2.236505            
6817.271307264       -5010.882446592001   1        40.321112           
-4964.5848384        -3375.4831672319997  1        1.742091            
2981.702439936       -7089.744511872001   1        0.928902            
-589.451208192       -1116.461478528      1        1.504345            
-2217.742015104      5797.281954816       1        0.224975            
-2276.874141696      5546.259696384001    1        0.289879            
-4118.320952064      -2806.153587072      1        0.263378            
3409.907035392       -1836.2164423680001  1        1.238291            
2805.1976367360003   3431.372465664       1        1.934454            
5395.386915072       -5866.034739840001   1        2.211138            
-3049.574913792      2219.0439744         1        44.485408           
-4567.175040384001   3342.243776256       1        9.608158            
5396.358958848       -5682.748161024      1        1.678492            
1065.203872128       -4044.114100224      1        0.700441            
-7880.57937216       -6221.670795648      1        54.977372           
4976.712854784       -735.2593839360001   1        2.003443            
-4457.437091712      2767.398974208       1        35.889659           
2770.1638272         -3567.3958298879998  1        2.256668            
7351.336941696       1425.851425152       1        2.205311            
3367.722910464       -4061.8426337280002  1        1.393482            
-2041.24364928       1053.713155968       1        1.194304            
-5706.489203712      343.874969856        1        0.230404            
-5396.064448896      5608.90984896        1        1.461324            
3726.117381888       -1258.743581568      1        0.627949            
4629.100988159999    542.32478784         1        0.210972            
-2910.08019456       5978.47960512        1        0.49876             
-719.93199168        -3658.669774848      1        1.305055            
-1691.346514176      745.2469728000001    1        1.759331            
-3373.4071134719998  7656.1354298880005   1        24.912392           
4007.9553592320003   -1784.720653056      1        51.490782           
-6293.022671232      -2103.625041408      1        1.79383             
-2740.492351872      -4520.376926208      1        1.585278            
-7370.301451392      -6131.758355712001   1        1.641968            
-4599.44077824       6595.7756832         1        57.960005           
-7704.54127872       5333.160019968       1        10.513961           
2782.0729728         7410.156855552001    1        1.686874            
3476.987712          4156.325610624001    1        1.530672            
6646.495768704       -6459.728178816      1        0.374524            
4533.7634496         -537.670564992       1        0.889085            
-4770.921209472001   -2983.9152879360004  1        1.766952            
-1856.882028672      7439.028486912       1        1.370157            
-1071.409502592      7932.316563072       1        1.706177            
3558.21130368        -6399.33110784       1        0.771491            
5237.862715008       -3710.3281079040003  1        1.210251            
-1388.6868441600002  -5136.4305907200005  1        0.704781            
1797.08202432        -1652.121972864      1        8.962384            
1924.7384090880003   -4289.064303744      1        0.544555            
2793.18549312        -6392.987073792      1        28.954846           
-7027.14424896       -4940.665158528      1        25.729708           
-427.30658150399995  -768.201046272       1        0.535202            
3271.7030100479997   -3902.181224832      1        0.915394            
4413.0787430400005   6134.075811072001    1        55.508366           
-3740.521010688      -5475.789741312      1        57.71501            
1228.555506816       3472.452580608       1        1.662644            
-6065.372915712001   -4800.805118208      1        1.196514            
5325.879347712       -7155.347810688      1        1.449335            
-4960.9734704640005  -32.53288896         1        43.294137           
1484.56351296        5733.563197824       1        17.075974           
6312.661496064       7762.310290944       1        1.379541            
5606.5923936         -7560.224964864001   1        0.498923            
-4643.737971840001   -3539.700628992      1        56.13865            
7732.556739072001    625.4200465920001    1        0.405873            
-2913.561205632      1410.152274432       1        1.261692            
1512.5371303680001   293.974040448        1        1.218696            
-1104.415538688      967.32839808         1        41.811817           
84.625744896         -5121.7694668799995  1        0.556383            
5648.33877696        7191.842904576001    1        1.620149            
3367.434837888       -2918.152664064      1        0.847017            
-1212.3848183040002  1594.848638592       1        0.65866             
3889.0457591040004   -29.776082688000002  1        1.670315            
-5070.671185536      1883.556905472       1        2.162646            
3147.616150272       2113.39858752        1        0.495194            
4088.2584061439998   451.120044672        1        1.941724            
471.43640332800004   2319.6553332480003   1        50.767059           
-4315.9113803519995  4319.564591232001    1        1.942564            
-5037.293390976      830.283100416        1        0.365832            
-2879.803605888      -1147.6537839359999  1        1.686753            
-6051.477839616      6335.055517824       1        1.321521            
2503.2348126720003   888.142235904        1        0.240311            
713.002156416        6784.843025664       1        1.882811            
4205.367150336       7198.74055296        1        1.101376            
-4094.9355744        4811.7776256         1        4.232972            
2386.1984889600003   7472.911615488       1        1.992093            
5875.533088128001    4109.723836416       1        0.575181            
-3956.430601728      7883.390896128       1        0.639762            
-4197.119262336      2951.691393024       1        8.144478            
2728.6507987200002   1193.589289728       1        1.973573            
-5920.290554112      4123.977796224       1        1.659442            
3489.632327808       7050.050042112       1        0.361183            
2717.93256768        -5414.235552         1        1.270402            
-3490.552872576      -1807.021332864      1        1.546799            
7876.4514048         3614.6139828480004   1        1.825541            
-1646.5842201599999  3003.686078976       1        0.936214            
-7731.708614784001   6906.565759104       1        2.126908            
3205.204915968       6095.190841344001    1        1.06056             
-7.99843968          2139.138435456       1        1.119253            
365.22774604800003   -5968.434079872      1        1.761132            
1091.664706176       1727.910809856       1        1.712784            
-3155.8495541760003  -2407.792666752      1        0.226801            
-699.044315904       4538.127990528001    1        50.538783           
7840.780295040001    -510.48230745600006  1        1.673468            
-7967.623961088      5185.478567808       1        0.232075            
-5854.848189696      2592.691808256       1        0.228148            
-215.43805324800002  3498.725121408       1        8.370299            
-2728.50595776       -1311.689389824      1        1.439788            
3502.983445632       1598.999136768       1        1.020666            
4816.816481664       7318.789568640001    1        0.994915            
-1912.272430464      -4869.454905216      1        2.165608            
-2346.21433728       -7973.343569664      1        1.199642            
-1511.8080975359999  3040.647882624       1        36.296274           
4574.515258368       -4624.98106752       1        0.643029            
-5773.206168576      6732.99639936        1        2.041739            
-5742.427464576001   2935.240678656       1        1.188273            
-6854.125284864001   -5736.955694976001   1        0.885974            
-4127.833784448      -347.565195648       1        2.126273            
6545.858660352001    5726.43219456        1        1.568224            
3723.3654036479998   5633.127257472       1        2.801731            
-1761.9693569280003  2955.2866675200003   1        2.136415            
-1752.04453248       -903.7850595840001   1        1.934824            
7616.439350784       5729.9486112         1        0.463266            
7383.63808512        -294.802852608       1        0.868889            
-2920.676115456      4059.58633344        1        0.979974            
3967.9953477120002   7489.795243392       1        7.103617            
-1393.616264832      1410.398504064       1        0.956367            
6928.106828544001    7712.364299904       1        2.091901            
-6456.831359616      4786.676687232       1        0.754082            
-176.844374784       517.479735168        1        1.886112            
-7600.735372032      -4039.055932032      1        18.524262           
6625.493829504       -2128.35744          1        1.811102            
-5173.796339712      -1379.9191380480001  1        0.548551            
3630.5963781120004   -7469.081376768001   1        2.029208            
-6006.07985472       3987.453926016       1        0.709594            
-1963.547739648      5668.98666048        1        0.372976            
444.510468864        -5234.7969146880005  1        1.648436            
-5437.42619904       2825.769881088       1        0.647818            
-1509.783542784      6518.485328256       1        0.645139            
-1480.375999872      -3734.534251008      1        2.044988            
4727.547779328       2092.0602954240003   1        1.708355            
-4301.605921536      560.481406848        1        0.273165            
6767.4347516160005   -6458.590372608      1        0.624423            
-2912.684113152      3167.689497984       1        1.311872            
-1355.441015808      5801.134724352       1        1.905017            
6854.310359423999    6626.955113856       1        58.721014           
4542.508624896       -587.416997376       1        1.536639            
-1720.6076067840002  7436.768967935999    1        0.392263            
-4559.03819712       -286.31195366400004  1        0.318569            
-5160.596500224      -7438.178753280001   1        0.946393            
-4085.012359296      5337.6307776         1        27.470047           
394.051097088        7495.01273664        1        0.251782            
-3644.282239488      -7900.070137344001   1        0.287547            
-1135.305287424      3582.724831488       1        1.469647            
-1854.4165136640001  -6643.882194048      1        2.217973            
-1529.6525038080001  -281.61105984        1        4.049486            
-4392.973208448      39.642970752         1        1.440066            
-6763.67854272       -2572.787441664      1        1.497989            
-1237.1622785280001  2126.358634752       1        2.026053            
3434.979005568       -2948.936196096      1        2.185298            
7448.958139392       -1040.273524224      1        0.659476            
-538.951602816       3068.396191872       1        38.482372           
2195.380180224       -4542.637372416      1        0.359496            
-1818.9385251840001  5805.494437248       1        1.079688            
-4462.213624704      6978.282955776       1        0.695675            
-7309.31053248       1891.6342030080002   1        1.990205            
-2740.60822464       5709.682142208       1        0.200095            
6824.122284672001    4700.557471104       1        1.84636             
6816.72252096        -4261.35783744       1        34.642415           
-856.003636224       -1396.233058176      1        2.018395            
-5735.887090560001   -2074.238419968      1        1.069668            
5611.248225792       7227.785993472001    1        0.609869            
-4404.322302336      -4590.423623808      1        1.180558            
994.082132736        -6219.72027072       1        3.951881            
7014.966342912       2946.343542912       1        2.031915            
-446.60744409600005  -4653.825340032      1        0.599494            
-4178.751819264      688.087901952        1        1.648065            
392.602687488        -1457.141900544      1        1.000486            
5087.38583232        4551.998926464       1        0.460957            
5887.44706176        7695.9634752         1        41.104408           
-1837.3880448        3540.809467008       1        25.203421           
-2583.9112273920005  6634.519030656001    1        1.983083            
3737.432679552       662.154932736        1        1.144466            
-82.956855168        -882.168350976       1        43.771404           
1510.559246592       2222.7020133120004   1        1.001903            
5119.366716288       1435.7794682879999   1        1.316612            
-498.40579008000003  5277.347970048       1        0.95546             
3205.95808896        7793.72307648        1        0.812845            
-7699.409080704      3025.194961536       1        0.970127            
-5740.945258752      -1185.510382848      1        6.419359            
7013.28779712        -6805.458722304001   1        2.262823            
1701.071779968       -3515.719794048      1        41.004988           
4459.727188224       6806.0767104         1        0.763616            
-6991.8352416        -3271.2765338880004  1        0.404204            
838.1318711040001    -1158.35753088       1        1.03324             
-4650.268689792      3781.391910912       1        2.172069            
-3038.146962048      6406.944914304       1        34.294887           
-5999.114613888      5315.497469568       1        0.663925            
6503.590849536       3303.8850620159997   1        0.734447            
-3953.030057856      382.54911552         1        1.706006            
-7730.744617728001   1551.127590144       1        2.025768            
-3216.187079424      -346.4917632         1        1.610539            
5987.696318208       -7116.089473151999   1        1.378198            
3516.1510982400005   7610.940222335999    1        0.933271            
-2958.922175616      608.5332             1        0.293803            
-5273.79614784       -6199.801420032      1        40.535388           
-3312.9585434880005  -3763.027686528      1        1.775388            
-4839.67560384       -6606.424712448001   1        0.731898            
-6664.266145152001   7096.540771584       1        1.529881            
-3667.337701632      1565.2302716160002   1        0.925639            
-7887.3627571199995  -6709.866907392      1        1.302059            
4454.08482816        3705.8621783040003   1        0.738675            
7381.201538304       -4554.25844544       1        3.660461            
3168.9190368         6078.870483840001    1        0.997401            
2509.2730713600004   -6439.740126336001   1        47.898981           
-4212.517465728      7963.280341631999    1        0.236183            
-2499.406183296      -6009.58017792       1        2.200495            
-166.139018496       5709.331305216       1        0.93427             
3504.782692224       1773.060955776       1        38.409725           
7237.981187712001    2242.493725824       1        0.874852            
7972.429462272001    7582.292289792001    1        8.733478            
-2680.758330624      -3409.198924032      1        0.261747            
-3387.07366272       3880.551641472       1        2.185803            
-873.6436558080001   122.754322944        1        1.476987            
1166.149974528       5716.080893952       1        1.335842            
6234.96880512        5130.480845952       1        1.853742            
4451.841402624001    2418.470664192       1        0.757134            
-7980.056143488      6989.158902528001    1        43.654772           
3365.0996797440002   -5443.704249984      1        0.239959            
-5977.129365504      -6393.93175872       1        0.823503            
-122.176568448       -3558.650654592      1        1.87885             
5931.04419072        3352.321488384       1        1.252309            
1671.477553152       -2694.735483264      1        0.445121            
5888.869721856       -5768.069142528      1        1.470766            
-3987.574626816      -4521.2202224640005  1        1.289586            
6752.850876288       5840.137176192       1        53.841098           
-4715.9460184320005  4812.810824448       1        0.548678            
-6939.433391615999   3577.731037056       1        0.297979            
-3055.563282816      7533.624117888       1        1.723677            
-6941.3114960640005  3502.025885952       1        1.912477            
-6228.9836547840005  -2780.202915072      1        0.282642            
6045.738918912       -1890.8826393600002  1        2.211599            
-6122.348521344      -5335.929700992      1        0.794396            
-3247.289261568      263.67009292800003   1        2.179327            
-4343.688657792      7418.847313152       1        1.071591            
-1514.003242752      -7001.484868224      1        2.125267            
7730.577245951999    2582.396834688       1        1.219235            
6524.744067072       -5531.312109312      1        0.553839            
4039.741512576       -4125.723934464      1        30.640066           
-793.472575104       5107.785876864       1        1.573004            
7301.753053056001    809.133101568        1        0.671248            
7402.110135552       -2576.023832448      1        25.039261           
-5235.749646335999   3048.039599616       1        1.675965            
-6797.206006272001   -7137.894475008      1        0.568949            
-6262.973000064      3296.820041856       1        0.868228            
6676.184946816       -4771.84980096       1        1.807793            
-2503.352294784      -1458.90252288       1        1.825298            
937.195041024        -7290.556846848      1        0.497166            
3102.48531648        -3659.3231685120004  1        0.864816            
-6850.610477568      -3205.195259904      1        1.115131            
-748.663610112       2963.8886112         1        35.107333           
-6205.181457024      -206.039484288       1        38.890531           
7989.552882432       -6496.067166336001   1        1.002117            
-7153.574313600001   -3516.2750177280004  1        2.256444            
-583.166719872       3379.738272768       1        1.022328            
7684.699676544001    -3614.842509696      1        49.382118           
-6589.848469248001   3673.7316253440003   1        1.133964            
-3946.657055616      -6738.691867776      1        1.611664            
-80.183955456        2981.525412096       1        0.790242            
-5435.419347072      5371.536436992001    1        0.272538            
843.6181248          4152.208908672       1        0.819431            
-576.038935296       -4278.051562752      1        0.358242            
6331.688770176       3263.086582272       1        2.066105            
5841.019096704       -2560.887952128      1        11.11091            
4150.992244608       -4397.826989952      1        0.850584            
4204.826410752       959.3331770880001    1        51.307973           
-5739.445350144      3506.3405372160005   1        1.421961            
-2453.2872122880003  -2250.226623744      1        1.665059            
-3008.425597056      -3270.069525888      1        0.330245            
7975.472731776       -3987.782232192      1        1.964305            
6911.425977984       90.881265024         1        0.988799            
-2368.719403776      2533.548416256       1        0.40927             
6288.791705856001    2110.088166912       1        9.174388            
-6585.321384576001   -4259.170738944001   1        1.857404            
688.25205504         -2716.142977152      1        0.411802            
3707.31702528        1594.4463025920002   1        59.418424           
6715.61548416        -50.232454272000005  1        0.732967            
-6824.748319488      -3558.33200448       1        0.651287            
-609.143141376       -515.405290752       1        26.30988            
1048.405539456       7552.764046079999    1        0.67358             
-3194.8970676480003  -4853.215014912001   1        1.300326            
5013.644080896       -3172.496608512      1        0.20166             
-4216.236659712001   -713.441507328       1        29.660417           
5696.652893184       642.678651648        1        1.897552            
6693.902214912001    -5832.687522816001   1        1.776915            
-6392.558988288      3062.365979904       1        1.718135            
-6378.742770048      6913.117398528       1        0.221045            
-5651.087536512      -5518.85095872       1        1.540698            
-3254.096786688      -1444.795013376      1        50.710493           
-7818.21729216       6340.443601536001    1        2.189247            
5806.749725568001    -538.327177344       1        2.111393            
-7192.840697856001   7369.842788352       1        0.949266            
-5487.196771584      -6062.847854976      1        56.300862           
128.453010048        -520.030545408       1        0.79817             
2.632886784          1496.7398096640002   1        1.343008            
-4137.410990592      -7680.599068032001   1        0.222834            
2706.5319747840003   -1818.384910848      1        2.181477            
-2196.3152090880003  5373.754113024001    1        37.32198            
4244.11371648        -1250.582598144      1        2.125791            
405.32133312         6917.16168           1        2.03291             
-3972.804067584      -4620.6406667520005  1        1.360351            
3846.0698369280003   6399.574118784       1        1.824416            
5363.338438656       -4596.902842752001   1        0.831055            
104.21468006399999   -2093.455596672      1        0.328836            
-4233.480780672      6864.914327039999    1        55.022479           
361.12070016         3519.8381053440003   1        0.881567            
-6527.487998592      511.20490291199997   1        0.615257            
5493.667943808       5600.914627968       1        1.496589            
-2831.846764032      -2388.69297216       1        30.668999           
7116.448356864       -7076.59939008       1        1.951564            
4078.784198016       -7255.048280832      1        29.858318           
-3243.748704768      7020.61031232        1        2.263028            
7771.263071616001    3377.5222060800006   1        0.837862            
4780.897532928       4791.672091008       1        35.516366           
-1785.918004992      1358.373240576       1        1.583909            
-911.292649344       -2210.971504896      1        1.552335            
-1552.069056384      -2170.762045056      1        0.56572             
4653.302303232       -929.2674124800001   1        35.999115           
-2412.871756416      -2089.2906144        1        1.529085            
1459.934112384       2764.597106304       1        0.819296            
3582.718394112       -40.48304832         1        1.228399            
-1109.052058752      -1211.343572736      1        0.236991            
950.6926091519999    7330.809758976       1        22.45251            
-2610.413904384      2747.731181184       1        14.382512           
552.336516864        1128.249923328       1        0.763798            
7580.08266048        3042.1526192640004   1        1.648818            
5158.040861952       7816.104223488001    1        1.921672            
-1646.5439865600001  5247.49142016        1        0.784041            
-1283.228141184      4750.202514816       1        1.392101            
-7651.91572992       6409.531130112       1        2.062966            
2278.9115712000003   -610.990668288       1        0.684508            
-5919.872124672      -600.793864704       1        1.142353            
2915.6436967679997   -202.555254528       1        2.001993            
898.878169728        7779.937435776       1        0.946513            
-5107.690925568      -1866.602466432      1        2.204224            
-4114.073893248      -4326.516957312      1        2.179694            
7064.424702720001    3760.718277888       1        30.686092           
4798.64537856        3312.847498752       1        1.675056            
1948.0336634880002   7458.17485248        1        51.815175           
2098.977255936       6230.11663296        1        2.022482            
-4752.053260416001   -5359.966862976      1        1.728322            
4165.386217344       -2201.738698368      1        37.800874           
-1482.6580496640001  -2441.02883904       1        2.255373            
-1888.811413632      -6321.549902976      1        41.756954           
2848.9058104319997   -2204.030404224      1        0.827023            
-7000.411435776      -5538.399660288001   1        0.323878            
-4109.947535232      -3776.501114496      1        36.092973           
4510.263808512       1415.477593728       1        50.739928           
-1050.9708337920001  -271.06985664        1        1.057209            
-1343.696023296      7873.57067904        1        0.909354            
2200.897011456       -4944.902561280001   1        2.041108            
-2407.7588705280004  -1873.422866304      1        1.332641            
5555.24627328        4764.907090944001    1        1.628958            
-2157.126073344      -5827.585902336      1        1.035211            
6099.611709312       -3496.856673024      1        1.595191            
7301.093222016       3184.091932032       1        1.778478            
-2997.6446016        5432.709211776       1        1.840042            
2669.3850965760003   -1982.256363648      1        0.651914            
-5305.051217664      1311.44637888        1        1.899811            
2332.153498752       2353.9134389759997   1        0.838188            
5296.949779968       188.135532288        1        1.150602            
5099.814796032       1007.5925756160001   1        1.107497            
1514.3476423680002   5132.841753600001    1        12.364219           
6978.072131712001    -7159.821787008001   1        0.542719            
-4432.472947584      -7130.9404995840005  1        0.423981            
4714.2513792         -3779.338387968      1        1.360415            
3912.984751104       4356.86435712        1        1.508365            
2857.76846784        -7758.315899136001   1        2.137532            
2373.722854272       6643.801726848001    1        0.558505            
-3523.869512064      3130.9465651200003   1        1.215885            
6317.217548928       264.64857408         1        53.303036           
-5397.390548352      4705.8731343360005   1        42.02278            
-6188.3187505920005  -7200.71199936       1        0.570009            
-2387.4569959680002  -3233.1205969919997  1        0.842225            
-6661.2132195839995  -7137.879990912      1        0.437523            
5346.181222272001    -2668.144292352      1        1.675451            
5288.714766720001    6168.76039296        1        1.124534            
233.469143424        4477.542626304       1        1.464039            
-679.413537792       1260.684450432       1        33.966932           
3232.1276317440006   -7768.111976064      1        1.106638            
-5017.545130752      -7118.735234688001   1        1.122409            
5010.777839232001    -5273.736602112      1        1.89357             
-6722.918687232      -1204.116008832      1        0.807156            
5143.139945856       -7079.32722816       1        0.304039            
1633.643485056       2801.9161843200004   1        1.434322            
-7002.707969664      -4880.068528896      1        0.317626            
-1984.663942272      -5781.8644392960005  1        1.795156            
-7771.372507008      -4015.920002688      1        0.338263            
7316.277382656       802.999891584        1        0.235108            
-2053.8657342720003  -7704.04238208       1        0.547493            
7317.215630207999    2765.688241536       1        47.171928           
1435.47047424        -4721.237541504001   1        0.754605            
-5743.922545152      -4019.8242712320007  1        46.365976           
4523.0661400320005   -2887.5703000320004  1        0.904072            
-507.749641344       -6729.996582144      1        1.713981            
6513.7763877120005   -7151.62700736       1        1.210505            
-5995.875004416001   3567.7547136         1        1.441021            
6398.650355328       6474.963838463999    1        1.525376            
4685.139955584001    6915.8886888960005   1        0.792347            
-4039.947508608      7389.386661888       1        9.151279            
849.656383488        -6196.125678336      1        0.920006            
-6463.659806208      860.054355072        1        0.471496            
4833.502160256       -5426.540596224      1        1.324716            
4053.321157248       -1361.0688917759999  1        1.988722            
-4934.7604753919995  7316.045637120001    1        2.022038            
4440.922003584       2148.886232064       1        1.825153            
-1410.8877446400002  6468.116079744001    1        0.737253            
2852.180825472       -5421.094576128      1        17.594056           
-1477.8235802880001  -6786.276951168      1        0.479722            
-4312.327371264      -5003.968704768      1        1.775238            
-3620.2547335679997  -1130.4354124800002  1        0.309322            
2221.752500352       2626.4445799679997   1        2.011667            
3341.104360704       -6639.960222720001   1        1.705874            
7805.735220096       7498.570996224001    1        1.461455            
-8026.952427648001   1107.214187904       1        1.594738            
7327.64096064        3378.763010304       1        1.892995            
3264.2099043840003   5258.953168128       1        1.468458            
-5792.276894976      5295.953596032       1        0.717703            
-7899.069125376001   2095.892143488       1        0.894457            
6983.770818816       -6089.26684608       1        17.841003           
960.731697024        -5792.127225984      1        1.183242            
5544.751741056       -2753.6068961280002  1        0.33251             
1875.107849472       -1060.8860021760001  1        46.432586           
-727.484643072       5912.541562752001    1        1.31569             
-998.4418456320001   -5677.437325824      1        0.926741            
126.75998016000001   -1931.085661824      1        1.412001            
2751.748103808       -7445.980852992001   1        1.028526            
7117.87101696        4300.0335924480005   1        1.075224            
1614.3394037760002   -3350.092546944      1        1.942138            
-4961.948732928      -3797.9520606720002  1        1.113199            
-5459.100844032      4951.97562816        1        42.848317           
-7841.201943168      2541.8526312960003   1        15.081116           
2246.525132544       -4498.2597116160005  1        1.377991            
-4188.2775264        395.900233344        1        14.071195           
530.5089841920001    -3482.9004418560003  1        1.961677            
-5464.814015232      3209.447146752       1        51.056725           
-5904.06353856       7643.2156162559995   1        1.543083            
7349.811283584       -7148.772031103999   1        31.087859           
22.786701696         7068.892241664001    1        0.742638            
-1116.1074228480002  2794.833461376       1        0.210714            
-4202.7600130559995  -6580.580257152      1        9.418664            
-4398.02332992       -5165.057601792      1        0.583922            
-2410.457740416      7628.350105728       1        0.4161              
-5754.336610176      -7413.332091264      1        1.578682            
2805.5130681600003   4581.952036992       1        1.40505             
-7409.952468864      949.445367552        1        0.352417            
-5435.169898752      4470.683602176       1        1.966614            
-7353.448401023999   -5616.644356224      1        56.380574           
-2072.941288704      295.4353248          1        1.905401            
-1599.95347776       1585.065436416       1        1.544713            
-4568.745760128      -7958.09342592       1        4.538809            
-287.47711872        -3630.348539136      1        0.532954            
-1743.967234944      5223.235387392       1        1.368977            
1126.3267572480001   -2941.010176896      1        1.340697            
-6208.208633088      622.833830784        1        1.343035            
-6919.062315264      87.015620736         1        0.398321            
3386.206226304       4704.889825152       1        0.299723            
-1162.126614528      -6489.713476224      1        1.219308            
-2884.626809856      -6794.162736768      1        1.943781            
5263.250116608       -6168.638082816      1        1.870714            
-6662.479773311999   -66.09414873600001   1        1.244208            
-2500.7387201280003  -5402.2378924800005  1        1.81768             
5956.470216576001    -7718.491072512      1        0.627151            
-1004.1019084800001  -2410.019998848      1        1.184599            
-2996.273440512      -7162.5512344320005  1        0.369023            
2977.735406976       3384.08028288        1        1.262035            
14.883213311999999   -4821.486797952      1        2.215068            
4180.097230848       3617.304806016       1        1.232096            
-4195.281391488      -3596.624735616      1        1.35754             
-3559.0497719040004  1778.8352820480002   1        1.987047            
5203.390566528       4391.088666623999    1        1.470417            
155.28399321600003   1492.3269884160002   1        0.579571            
6339.622836096       5976.80588736        1        1.506119            
2406.510019584       2288.286             1        40.648088           
-7152.5121465600005  -670.406039424       1        26.871249           
-7060.230752256      -5073.8094063359995  1        1.32175             
-3608.709299712      -5253.653598336      1        44.5066             
-3888.414896256      4021.8777941760004   1        10.706914           
-4197.014654976      -7418.451414528001   1        39.434713           
-148.42979712000002  -919.5051317760001   1        1.757231            
-6671.249088768001   5198.100652800001    1        0.497535            
-4937.25013056       5152.65277824        1        10.24057            
7894.810801152       -126.882290304       1        0.878179            
-5208.831758592      -7795.216547712      1        45.533823           
-1761.801985152      1333.685903616       1        2.225823            
-7933.135719168      -4272.388281216      1        0.378214            
6597.822768768       -1881.533960064      1        11.82959            
-2008.1651927040002  -3789.2036666880003  1        1.69502             
-6591.31780032       3845.879934336       1        58.000877           
4089.4171338240003   -1984.512663936      1        46.044314           
-2719.635253632      -4890.0319776        1        1.39357             
-2836.080948096      600.1469084160001    1        34.598463           
7326.845944704       -523.733645952       1        0.895431            
-6790.7300060160005  1594.1083403520001   1        12.04207            
-6409.8739203840005  4764.533723136       1        0.653187            
-5323.185305856      3395.081758464       1        0.274347            
748.81971648         -6074.914716288      1        1.835435            
-911.748093696       3035.724899328       1        6.611171            
2337.6123936000004   6112.954780416       1        0.683486            
7271.460370944001    563.354085888        1        28.21206            
4867.711985664       5987.884611456       1        1.755031            
3836.325259008       -1659.695545728      1        1.158496            
-636.4183034880001   2398.83183936        1        1.852961            
4220.882835840001    -849.133346688       1        1.335097            
-5442.038578944001   -2415.977790336      1        1.585477            
-5881.115902464      -423.838445184       1        1.128979            
4043.776137984       -888.5477905920001   1        1.355868            
3031.310468736       -824.6391310079999   1        3.547273            
-2844.785889792      1589.092015104       1        0.807349            
-1729.9160524800002  -1181.15388864       1        39.977853           
467.396949888        351.75270873600005   1        1.635654            
5334.8852367360005   -622.3445902080001   1        2.141636            
1550.8588296960002   1894.933358208       1        1.170977            
-4973.231843712      6625.957320576001    1        1.799716            
-147.51568972799998  1323.477834624       1        1.340863            
2002.770671616       -6947.385160320001   1        1.030096            
3811.536533376       2141.829258624       1        10.706859           
1422.0260144640001   7192.645967232001    1        1.583109            
-5621.17305024       7523.1537258240005   1        52.128274           
6109.002231552       -2551.621349376      1        1.94063             
5228.734515839999    345.12060211200003   1        0.382997            
-6569.303583744      -180.360791424       1        1.712648            
-7653.946722048      -2118.599987328      1        23.281652           
5457.890617344       -3554.548436736      1        1.673881            
-4044.0706479359997  7496.882794368       1        54.522192           
6529.650956928001    -295.95192422400004  1        0.88367             
-5109.000931584001   1300.861723392       1        42.25499            
1115.69382144        7718.820988032       1        1.76157             
5394.2024378880005   -1985.7422027520001  1        1.721573            
1493.207299584       2609.343690624       1        1.359817            
5899.459205376001    3021.3470200320003   1        0.386609            
-3582.9984199680002  5154.115671936       1        1.141843            
-7296.268408704001   4474.55568384        1        2.19885             
718.771654656        -5776.215641856      1        1.010649            
-1259.525722752      7515.237362688       1        1.36706             
4592.266322688       5070.247928064       1        2.268893            
4378.7836224         -2394.5767338240003  1        1.082615            
4204.1826731520005   1668.3827846400002   1        0.922331            
-7094.043069696      4667.223128832001    1        2.040694            
5919.572786688001    -3225.872111616      1        11.060493           
-6947.254803456001   -139.882571136       1        0.746837            
334.201203072        2625.83785728        1        1.861051            
2701.480243968       -7784.393709312001   1        1.0759              
5369.482914048       1604.973021696       1        1.661141            
4018.292175744       1065.623910912       1        0.577697            
-6836.062007808      -5596.16384448       1        1.518591            
6704.654242176       3074.767584768       1        35.876995           
6228.890312832       -3097.985590656      1        1.615013            
-2783.051453952      3504.24999936        1        0.945826            
4438.710764928001    -4451.173524864      1        0.557131            
-334.000035072       637.52553216         1        1.254592            
-1675.290089088      4408.096214016       1        0.319333            
-6121.820656512001   -4340.502156672      1        1.462444            
-2093.066135424      -5254.289289216001   1        1.485229            
-3573.3970736640003  6386.388763392       1        0.417617            
3641.7813189119997   -6755.807241216      1        51.529544           
-2475.208086912      -513.474077952       1        1.844818            
-948.510338688       2937.814019712       1        0.952171            
-3763.862936064      -4418.988254208      1        1.711384            
4716.572053248       -1401.576080256      1        2.215942            
-4268.232955008      6807.9258466559995   1        11.148306           
-3862.3918037760004  2875.722309504       1        52.171215           
-6195.819902976      -5432.8460060160005  1        1.434232            
-906.11699904        5875.943470848       1        23.705748           
7678.8641952         -2489.898178944      1        53.993515           
-4174.609367808001   1138.952060928       1        0.387431            
3418.4928856320003   -1553.068459008      1        1.186941            
-2038.29854976       -423.69521356800004  1        0.619719            
2473.40884032        6586.02305856        1        33.240021           
4885.358442624       5865.698386944       1        2.083537            
5960.630370816       21.74223744          1        0.20375             
-4251.825692928      -5271.412709376001   1        0.495847            
5450.97687552        -3682.900058112      1        1.531074            
6590.332881792001    -6649.7659557120005  1        2.04573             
-536.811175296       -2612.108543616      1        0.891219            
-3848.141062656      699.314685696        1        1.016147            
222.055675776        6430.23051264        1        0.523448            
-1582.410018816      -3305.211161472      1        2.018127            
4692.07461888        3384.5212431360005   1        16.57773            
-2666.629899648      1430.874187776       1        1.903283            
-732.467172096       -2342.667343104      1        1.759385            
-919.540537344       -2829.60494784       1        1.747473            
-4316.529368448      7006.702361472       1        1.852271            
6695.61938496        -4628.471734656      1        16.06512            
563.1609646080001    -42.411042432        1        0.273495            
2706.689690496       4463.597660544       1        1.464454            
-7368.754871808      8.766096767999999    1        1.919483            
4547.244924288       6825.900609792001    1        1.772614            
892.423090944        -5330.136062592001   1        2.124743            
-4470.0768794880005  4883.6187417599995   1        8.541812            
-1472.905425024      2257.2256608         1        0.855744            
-6923.866207104001   2643.722497152       1        1.422547            
7728.348304512       -3843.6542115839998  1        2.014934            
1674.244015488       2256.443519616       1        0.993393            
-7336.221982848      -2349.259216128      1        0.312618            
-3252.949324416      7802.442502272001    1        2.104507            
-7910.899413120001   -3155.043272832      1        15.38858            
4635.22454208        5987.731723776       1        0.407526            
1074.4270225920002   -2093.5634227200003  1        1.258549            
701.546845824        7607.484960768       1        0.545463            
2754.0204975359998   4917.762584064       1        0.94335             
3635.2763504640006   1982.698933248       1        1.758811            
6654.948043392001    1242.423224064       1        0.417006            
-1850.0519727360002  -7373.502436608      1        44.78037            
-7482.195921024      1996.038785664       1        1.895372            
-6595.3701285120005  -479.36725056        1        1.399233            
897.122375424        2490.062332032       1        42.238782           
3642.0001896960002   -6334.106004864      1        28.033413           
-1726.613678592      7148.454990335999    1        1.708307            
-5284.353444480001   -5647.992768         1        0.400446            
4503.187522944       -3974.0931521280004  1        0.207817            
-5739.93459072       2651.906011392       1        1.964918            
4291.851687552       -3060.162787968      1        3.080905            
3054.147060096       2398.217069952       1        33.418767           
-1708.0724263680002  3596.402646144       1        0.569016            
1855.9727493120001   -5106.257000064      1        28.409669           
-5555.548829952      -284.48373888000003  1        1.132314            
-4174.97629824       840.5153095679999    1        0.324259            
-7174.640626560001   1575.074628864       1        0.405841            
12.036283776000001   1238.496424704       1        4.93889             
-6074.184074112      -6233.063341824      1        38.488646           
-3120.181663104      -5455.7357057280005  1        0.831883            
2899.827063936       2813.826939264       1        0.781733            
3939.286260096       -5488.157549952      1        1.584937            
-566.172047232       6625.155867264       1        2.107277            
-193.119670656       4362.040007424001    1        1.69668             
-4373.6337216        2375.5414129920005   1        1.996537            
607.9377427200001    -977.1341310720001   1        1.818969            
-453.130115328       -6763.723604352001   1        1.376408            
3258.6801984         -6131.977226496      1        0.416171            
1568.608284672       -4625.805051648      1        0.405778            
-1962.625585536      1391.491930752       1        0.248121            
4138.220490624       6660.635465088       1        0.822964            
-5413.751139456      -6159.194452224      1        1.150115            
-7735.8317541119995  -3651.4631324160005  1        0.806011            
3036.4410574080002   3760.220990592       1        0.715748            
-2344.83030144       6430.669863552001    1        1.743096            
-4143.286705536      -1498.465026432      1        0.2539              
4958.00262144        -903.073729536       1        1.115648            
-2049.8938732799998  2183.907166848       1        0.394405            
-5270.645052288      -1625.8784002559998  1        0.535184            
3751.707560832       7762.242698496       1        1.078895            
-1697.832170496      -1214.792396928      1        1.302879            
-4783.269705984      -6952.200317568      1        58.686655           
-6136.005414528      7277.627377152001    1        1.22523             
3809.376793728       -885.248635392       1        1.289981            
664.977722112        4407.2947607040005   1        0.218015            
5243.538871296       -927.942922368       1        0.229215            
-2729.952758016      -3327.043522176      1        0.582161            
7854.094397952001    -143.15919552000003  1        1.385342            
812.458006272        -5416.417822464      1        1.66719             
4747.077168768       1613.188722816       1        32.168761           
2901.573202176       -4570.686628992      1        0.309171            
7167.7365408000005   6741.743184          1        2.267473            
-1425.614851584      4539.779177472       1        53.417931           
-206.36135308800002  2693.843906688       1        1.909283            
3316.571520768       -1505.571889536      1        0.955654            
-6182.228992896      -2968.880796288      1        0.738818            
-6840.289754496001   879.213595392        1        54.249092           
3478.57291584        -3529.214143488      1        2.06295             
-1342.320034176      -2355.278162688      1        1.106053            
2952.029355264       5938.51154688        1        0.667149            
1282.145052672       1878.062605056       1        6.228013            
-5960.923271424001   4759.564068864001    1        0.520151            
2386.216191744       -4061.9343663360005  1        44.21473            
7423.507973376       -2091.212171136      1        2.124416            
-1510.8135229440002  -4413.675809664001   1        0.298967            
7442.659166975999    -413.749467648       1        1.606045            
2093.0452139520003   4462.862190336       1        1.109546            
-2558.490029568      -5425.908124032      1        1.513401            
-1086.590444544      -3614.4353456640006  1        0.833439            
-4610.469612672      -7535.854668672      1        0.444227            
-1007.7873062400001  -7486.581383424      1        2.187369            
-4285.369249920001   2124.622152576       1        1.686722            
-806.67563328        -6288.50363328       1        1.076527            
3562.7448257280003   6083.267211648001    1        1.646835            
-7060.335359616      3867.76057536        1        0.989209            
3904.3956821760003   7555.3631366399995   1        35.656872           
-7565.123808         -2251.961496576      1        0.422057            
585.984681216        -725.05775232        1        1.310495            
5253.025954176001    6253.8592849920005   1        43.456168           
3803.262895872       -2659.1754182400005  1        0.511702            
-4295.730206591999   1925.061887232       1        2.008361            
3060.145085184       6741.587077632001    1        1.180107            
-5106.3857475840005  -5589.454489344001   1        0.561313            
-3593.373860736      2565.215478144       1        0.918274            
5228.258150016       -741.675838464       1        1.673808            
-3494.0853826559996  -6652.669212288      1        0.997465            
1220.38164864        -653.105591424       1        1.528909            
-4183.229014272      2499.855190272       1        1.74455             
5233.07974464        -6751.3332648959995  1        0.470711            
-3514.1941359360003  6306.824405376       1        42.515991           
785.0106443520001    424.831410432        1        40.14595            
-6229.937995776      2326.857147648       1        1.216655            
2975.61268224        -5529.236055552      1        1.00548             
7393.113902591999    -6427.546126848      1        36.958843           
2155.083815808       6045.42831552        1        1.131722            
-3167.1036967679997  -5426.666125056      1        0.847559            
-6209.768087424      777.955280256        1        1.198632            
-182.691121536       -3071.471648256      1        0.442385            
-4592.578535424      3592.3503179520003   1        0.548577            
-7529.83089408       -1043.122063104      1        59.942847           
-2740.225200768      -5667.407894016001   1        0.883883            
1924.431024384       5660.659914624       1        1.079882            
3632.302282752       -5955.96488256       1        1.740791            
-4576.9518051840005  -5443.894152576      1        1.601107            
3809.082283776       4508.107287552       1        52.841153           
-5670.0311247360005  -1308.46909248       1        2.258184            
6855.2824032         -3690.887232384      1        0.63726             
-7307.1186059520005  7906.83581952        1        0.851313            
-4752.89172864       -1436.527813248      1        18.349125           
6932.616210432       -2328.009437952      1        0.834206            
7074.777612672       -3091.950550656      1        59.699052           
-3956.2471365120005  -1012.983878016      1        1.309383            
7231.143085056       4408.776966528       1        57.714344           
-6845.912802432001   -6166.141990272      1        0.466493            
4290.860331648       4209.7735342080005   1        1.764808            
-3287.773919232      6417.843391872       1        1.434069            
-3255.311841408      -6688.826343936001   1        0.235301            
-2477.411278848      -7783.893203328001   1        17.79648            
2575.500795648       2577.4094776320003   1        1.219324            
6294.41797248        6792.656390784001    1        1.72314             
6907.44124224        2479.9315115520003   1        12.386281           
-1162.3277825280002  -4144.52750976       1        2.164862            
179.89569100800003   7554.412014336       1        0.45953             
-6788.534860800001   -1590.913792512      1        1.941598            
2517.20713728        4266.906855552001    1        0.968321            
4567.863839616       5343.250606848001    1        15.568821           
-6166.385001216      -4309.73471808       1        10.910944           
-7854.736526208      3415.6202065919997   1        1.706646            
-2832.310255104      5300.5498824960005   1        0.758676            
6307.271803008       2688.6972245760003   1        40.427526           
520.4682869760001    5783.404581504       1        1.373641            
-4376.573993088      467.215094016        1        0.500557            
5853.589682688001    -1684.2155109120001  1        1.273701            
-5392.9728990720005  -1213.530671232      1        0.631116            
6339.120720768001    213.030474624        1        2.079039            
4598.248254336       -979.9199055360001   1        0.649066            
5879.072035584       -5201.805362688      1        0.828715            
-7263.305824896      3860.745444864       1        0.435419            
-537.929669376       -3122.1997804800003  1        25.482221           
-848.972412288       3544.781328          1        1.628393            
-361.896403968       -5494.760688384001   1        17.168004           
2903.475446784       6994.983118464       1        1.131614            
-4384.347124608      -2585.09731392       1        2.223735            
5961.080987136001    -5265.5321664        1        0.997138            
-3922.3430864640004  4886.78914944        1        57.934688           
-7241.166079488      5913.75178944        1        0.753932            
6430.056703488       6057.496786176001    1        1.497934            
-5258.047107456      5336.756903808       1        2.248614            
428.42990361600005   -10.34808192         1        2.257902            
6547.587095808       4837.137668352       1        0.689888            
-1032.516486144      -2059.8589313280004  1        43.851196           
-57.070556928        2110.83168384        1        1.500045            
-5309.605661184      3918.903918336       1        21.530283           
1226.0787264         3693.8967056640004   1        0.587036            
6881.878422144001    -151.26867993599998  1        1.516837            
4503.8698848         6997.767283584       1        1.82071             
-7919.284095360001   -2579.466219264      1        0.932153            
7737.894933120001    -2356.713697536      1        0.332768            
-5857.181738496      4391.370301824       1        1.073029            
119.98946995200001   -4216.363797888001   1        0.391833            
2654.909047296       -1819.0254297600002  1        0.792827            
-904.4883429120001   -387.12448051200005  1        0.54152             
2902.598354304       4397.6789303040005   1        57.294559           
-2853.461863296      4808.988632447999    1        25.766627           
-1672.451206272      -5727.565172736      1        2.252532            
-5055.749347968001   1439.40532032        1        0.412609            
-2119.81987008       5508.998554752       1        2.111896            
-4454.0783907840005  -6746.341079808      1        1.111766            
6378.897267072       1416.784381056       1        36.664202           
-1555.3762583040002  2047.5683712         1        0.240585            
6841.060630272       -6677.636575104      1        0.207321            
-4113.721446912      6835.7369203200005   1        37.797972           
-6495.436303488      -1041.126476544      1        35.455877           
5854.167437184001    -1213.54193664       1        1.498913            
2425.29750144        -2004.30115776       1        1.32244             
7014.906797184       -7822.087764480001   1        0.690776            
-6243.147491328001   6611.717844864       1        0.541041            
5775.789165696       1853.7003555840001   1        0.476803            
-1879.044304896      -4959.698870016      1        1.692812            
-6203.205182592001   7090.813116288       1        2.214287            
6762.849730559999    4696.646765184       1        2.185725            
1534.9391988480002   -2254.5251815680003  1        1.829492            
-1318.649802624      6041.303566848001    1        0.388679            
496.27984665599996   3521.399169024       1        1.761364            
3406.7929547520002   2382.638620032       1        1.566453            
-7061.717786112      1083.42647424        1        0.67521             
847.916682624        -3259.59752448       1        0.372827            
-8002.329464448      -1772.399515392      1        0.39022             
4127.627788416001    -1667.3431484159998  1        49.101657           
-4835.80513152       -7129.167002496001   1        0.203611            
-7551.175623552001   3739.2898625280004   1        0.267388            
-5578.731430272001   5522.175863424       1        55.575121           
-353.088464256       -2767.920401664      1        1.42814             
-5633.458782336      7321.240599552       1        1.27876             
-4985.61896448       5636.683907712       1        1.689087            
-5448.960367488      3153.3792111360003   1        28.444387           
2598.4065888         -4173.016117248      1        0.46051             
-4134.83121216       -1377.085083264      1        1.997474            
-5355.669914496      648.663801984        1        0.958699            
7328.917170432       -1066.686077952      1        1.828154            
7762.997480832       5929.5088765440005   1        0.308385            
3850.522891776       -679.52136384        1        0.996687            
-5911.472958336      -5321.836675584001   1        2.210206            
6852.8442470400005   -4080.763691136      1        6.018795            
-1331.613068544      2499.888986496       1        17.914418           
156.18200716799998   -879.6835238400001   1        56.893248           
3030.785822592       3480.3303194880004   1        1.709088            
-6951.855917952001   4647.989858688       1        46.185758           
4362.836632704       6474.522878207999    1        0.923102            
1313.705897856       582.270315264        1        1.145354            
2661.520232448       1945.925422848       1        1.604197            
5510.134751616       -605.200248576       1        0.990824            
-6050.154958848      5383.1285418239995   1        1.165608            
7438.785475967999    2700.545215104       1        2.182542            
-5301.2000574720005  5382.642519936       1        0.302209            
1807.4944799999998   -6851.341119744001   1        4.268937            
1025.1923616         -2750.219227008      1        0.881452            
5495.344880256       -7627.257361152      1        1.257436            
1030.8411590399999   -925.530515712       1        0.899933            
7490.736709632       -6743.708193024      1        0.983516            
-4273.8028945920005  239.50740211200002   1        1.150225            
-3630.1167936        -3021.289083648      1        2.064465            
6173.12976192        224.661203712        1        0.83955             
-1086.221904768      -7124.652792576      1        0.464577            
854.2591073279999    -729.428730624       1        1.706322            
-264.32831462400003  -4932.962838144001   1        48.967166           
-1662.650301312      -3779.2144684799996  1        7.14088             
6530.169165696       6473.113092864       1        0.381478            
6983.587353600001    1135.932931584       1        1.76807             
7032.754422144001    -3558.5557032959996  1        1.829474            
7287.4315008         -4713.091042176      1        0.426952            
2163.7613986560004   1191.149524224       1        2.024952            
-1841.831443584      -1259.453302272      1        1.635845            
-4265.892968832      2742.89349312        1        1.078906            
6025.5883226880005   -2894.690037888      1        0.294214            
143.444049408        -606.8546542079999   1        0.658485            
7829.593744896001    -6275.8895950080005  1        47.878916           
4945.736201472       -4563.547579008      1        1.290132            
-63.27591191870257   176.50864210565751   1        0.200095            
