trucks_count 15
drones_count 15
customers 1000
depot 0 0
Coordinate X         Coordinate Y         Dronable Demand
-5094.895031424      -5847.467738112      1        0.958797            
-10764.172983168     -8599.862798208      1        18.786778           
-211.01396659200003  14185.068619392      1        0.248757            
-15587.59904064      -6569.759028095999   1        1.948815            
-1302.918465024      7234.649845632       1        19.652785           
10463.827549824      -5051.9207185919995  1        1.77145             
-9803.3994432        10698.640495488002   1        56.882998           
-13756.606528896002  11643.972379776002   1        4.708903            
-6448.927871232      1634.464250496       1        12.04514            
-5731.474269312001   2938.129451136       1        1.635211            
12539.472536448002   -4150.720265472      1        43.7171             
13107.598327296      11912.290258176      1        1.084907            
147.683061504        5650.5001259519995   1        0.56987             
15186.000120192      -4991.592849408      1        1.167046            
-3747.2416312320006  4035.1902877439998   1        1.798969            
-14835.678118272     -12072.474703872     1        0.81682             
-11564.663907456     8089.675000704       1        1.795927            
-8185.677198336001   -12792.223230336     1        27.057861           
8081.758637568001    -2846.604448512      1        41.110711           
-7345.4290398719995  -15508.766934144001  1        40.519739           
-6255.7760136960005  -3479.3695411199997  1        0.326498            
-8432.901404928001   13304.334193920002   1        0.761746            
13705.863912576002   15318.21094848       1        1.044313            
-6536.598494976      3608.2973076480002   1        1.762168            
563.392710144        4778.990460288       1        1.276599            
3.345826176          -9386.701657344001   1        0.488682            
4011.851581056       3196.384101504       1        2.010219            
-10902.904873344001  -9514.889125632      1        1.758053            
9152.20253376        -10811.99142144      1        24.715493           
3969.9828875519997   -2910.46643712       1        1.10873             
7485.7059002880005   14322.912151679999   1        0.377245            
-2052.504229248      5005.149963264001    1        1.40676             
13611.237704063999   -6123.914413056      1        33.519742           
-3610.025743104      -12171.896757504     1        1.229819            
9091.477156608       13511.049602688001   1        0.290141            
15126.378753024      -2074.853189376      1        0.762128            
-10867.40918208      -6833.244046463999   1        1.171319            
10600.975845504001   -3628.180752768      1        0.59538             
-8046.829435392      -15015.240675072     1        29.159762           
-4261.596020352      -8415.25172928       1        1.073715            
13283.237303424      -3076.420381056      1        1.75861             
-15.782836608        1934.927165952       1        25.618855           
13806.882435455998   6801.211663488       1        0.291392            
-1283.831645184      -12481.867677312     1        1.791336            
7773.685134336       8408.95114752        1        1.348736            
-13280.150581632     -15371.505984384     1        0.739521            
379.430206848        252.156845952        1        29.09055            
-9296.269399296001   -8700.112054656001   1        0.875092            
712.603039104        4765.280458752       1        1.691834            
-14635.260072575998  15107.864859648      1        11.510732           
-4472.518254336001   7547.551380864       1        22.537057           
-3610.1625373439997  6245.756237952       1        1.337656            
-7732.073935872      13652.889136127998   1        0.316497            
-1254.85379712       8963.350843392001    1        1.109077            
-13206.281692032002  -2251.382132736      1        1.810228            
6004.134157824       -9169.161800832      1        1.638373            
-12326.173301376     -1449.885368448      1        2.027065            
8096.947626239999    -11501.191380096001  1        0.510411            
16054.933226112      -13674.092243328     1        35.9511             
4790.88029376        -11740.341507840001  1        1.699574            
10893.776674176      -12203.1727488       1        51.756696           
14086.795637375999   11742.506075520001   1        1.695506            
-4174.277842944      -14243.196515328002  1        0.241588            
11837.051816832001   10706.597092224001   1        2.135633            
791.139026304        1109.2001184         1        18.252554           
-9055.534067712      -639.777004416       1        0.968887            
-1470.866386176      11438.629741440001   1        1.165565            
-1628.248963968      9455.797232640001    1        0.245109            
1715.409425664       2759.9895544319997   1        9.497484            
5204.114771328001    -8521.119205632      1        1.181258            
8377.852184064       1569.636655488       1        1.699957            
-5102.866112256001   8857.264496256       1        0.587389            
-10957.897767168     -1332.927902592      1        1.519393            
8549.973134208       -5996.502648576      1        1.233903            
-320.64569856        -14249.641938048     1        14.837423           
12915.233438976002   -12984.79894272      1        2.241454            
12237.582132864      11426.086514304      1        1.158385            
1606.8543448320002   12785.874368256      1        0.386882            
-3747.8338698240004  -15506.315903232     1        23.881891           
4528.599064704       -1928.457603072      1        0.754316            
7479.077012352       -5553.004457088      1        1.544421            
-11950.79542272      10446.636537216      1        1.009973            
2813.091469056       -4747.551925248      1        1.99478             
9258.914915712001    -5452.80348096       1        0.899744            
-15613.105533696002  6346.940523264       1        1.437864            
-8817.00836544       15121.290007296002   1        1.902801            
8086.506202367999    -8893.41197184       1        1.833981            
9088.445152512       -1165.6848741120002  1        1.076911            
6162.244159104001    -1152.694249344      1        2.203038            
8627.33912832        -8790.927336576      1        1.448517            
7475.803606656       796.2342094080001    1        29.655807           
1672.676514432       -15908.82410304      1        1.423311            
11850.576743808      14551.762477823999   1        0.693978            
14322.915370368      -8383.600760832      1        2.127596            
-9775.335702528      -2961.6435763199997  1        46.634779           
-1093.3110650879999  -2127.792560256      1        0.708747            
-2942.341104384      9636.080775552       1        0.326535            
12321.343660032      9774.754729344       1        26.410996           
16064.650445184      -13738.803965568     1        42.215966           
1886.1559960319998   2251.573644672       1        0.998019            
9837.052435584       -5787.17688384       1        1.448517            
-11160.481989888001  -2823.507143424      1        1.644841            
-6080.72927616       253.249590528        1        1.420588            
-7236.7258993919995  11477.268481535999   1        12.353826           
-3838.4576398080003  -5140.069317504      1        0.939234            
-14636.880681984001  -13663.642772736002  1        2.268818            
1258.412056704       5355.758428416       1        33.652685           
6499.477366272       -921.3832362239999   1        1.48038             
-4135.0710044160005  -6675.584661504      1        0.957358            
-10495.390004352     -1723.177729152      1        57.67869            
-10942.259771519999  -1517.82865344       1        0.682209            
-12400.087252608     -7639.256630016      1        14.854833           
-13920.619603968002  -5145.0293157119995  1        0.986859            
-14720.581054080001  5560.143507072       1        0.482829            
-583.69297536        -1168.716878208      1        1.62391             
4984.33148928        12987.711855360001   1        1.521466            
2723.861390976       -12457.909373184     1        0.603489            
6823.238754816       -5316.641713152      1        0.203393            
-4899.222941184001   14967.934008192002   1        7.945905            
-14555.124397440002  -7920.186937344001   1        21.958822           
-10469.317022208     -14198.995882367999  1        0.592999            
-1411.4767645440002  -4618.146183552      1        2.147983            
606.7114225920001    11060.886127104      1        0.696457            
-12157.922823552     -2347.146147456      1        33.364177           
11334.548636928      12630.001355136      1        0.759582            
-12133.615291776001  -9279.038153088      1        1.435074            
626.4918696960001    6024.567998592001    1        0.325388            
3955.4585579520003   13541.528968704      1        2.16333             
7886.847767040001    4120.937745408       1        1.840295            
11712.052459008      -5834.5881580800005  1        0.824745            
-2112.954408576      5049.865586304       1        2.252637            
2308.124383488       151.114182912        1        1.331694            
-1019.79301248       -7319.5684911359995  1        1.747281            
-9232.013121408      15168.918542976      1        2.242489            
6537.070032768001    9327.777136128001    1        1.572748            
-448.04619763200003  1957.865145984       1        2.077573            
11705.3221824        -147.97274342400002  1        1.905597            
6748.705206144       -294.31039334400003  1        11.255566           
-8951.586538752      -14936.070606336001  1        1.295524            
5460.710188032       14793.204311424      1        1.05074             
-4150.36138176       3760.0664935679997   1        2.02233             
1711.3764096         13049.27731008       1        1.324158            
15198.78957696       8158.477675392       1        0.551266            
-2483.911419264      -155.5833312         1        1.020873            
6289.927902720001    15471.798693120001   1        36.60265            
8014.838895360001    -2665.094585472      1        0.773006            
-5359.290938496      1898.3934478080002   1        0.247283            
-4572.730495872      -7716.786777216001   1        1.453652            
1660.3682515200003   -13732.279684992     1        2.224028            
-9326.434943232      -3961.200697344      1        1.143513            
-263.299943808       -12577.27280832      1        1.042409            
4749.46382592        -4996.929434112      1        7.994142            
-7626.943539071999   2905.5096576         1        1.615936            
10187.676994176      211.042934784        1        0.311918            
1817.668752768       7787.947140864       1        46.352124           
-5558.693488128      5743.737470592       1        41.155331           
5727.230429184       -2543.537614464      1        1.435785            
-4643.686472832001   -959.085338112       1        2.178017            
14668.652351232      -11589.69886272      1        1.133527            
3139.2443427840003   11382.054862464      1        1.520286            
1151.789798016       2487.54692736        1        0.270243            
14041.342934784      -2327.1918912        1        49.552206           
11945.132141184002   -6949.866768768      1        1.890836            
10117.4226912        10801.356876288      1        1.088998            
-15198.570706176     14868.441143424      1        6.25882             
-4565.976079104      -7750.594266624001   1        24.503634           
8069.38761024        -8994.477165696      1        1.791322            
2513.211136128       1740.590831232       1        17.724579           
7025.993568000001    8594.872222464       1        1.730521            
-11887.709137920001  1716.943130496       1        0.257661            
-13344.952427135999  13633.585054848001   1        30.04284            
10428.328639872001   7888.658279040001    1        17.51941            
5461.127008128001    -13375.064862719999  1        0.505574            
5771.741665536       897.5311488          1        2.217641            
10827.647119872001   -10192.888050048     1        1.703797            
2195.1725748480003   11444.305897728002   1        1.081346            
1542.070202112       5368.638008448       1        0.262483            
-13501.641377664     -13585.151847168     1        0.601794            
-12775.545598464     5849.616212352001    1        0.320881            
2783.267106048       158.94686016         1        0.459503            
13726.672730496      12484.215710208      1        1.767702            
-2475.30786624       8449.432586496       1        0.483441            
-6415.216942464001   3639.5314559999997   1        0.690472            
10174.06355328       11693.564315136      1        1.892804            
9160.65158976        -2268.495896832      1        1.948155            
-8452.554713856      8772.96866688        1        1.856763            
324.657793152        -11348.928125568002  1        0.378805            
1436.304114432       -12687.453326592     1        1.014556            
13819.440146688      -4449.091033728      1        0.872443            
-12201.099913728001  11042.01495936       1        1.435947            
-987.403355136       -9026.384019840001   1        1.083088            
11686.314220416      -7678.540717056      1        0.791826            
-1938.892589568      -6266.299514112      1        1.960283            
-9022.550562432001   -2408.02924032       1        1.44044             
-14056.853792256     -2460.439137024      1        1.841918            
-11900.620904832     -2242.163810304      1        1.446726            
-3214.7467165440003  -5752.56794112       1        2.043542            
-6224.678659584      -10558.635614208     1        5.426274            
14052.48603264       -11855.585022336     1        1.943463            
4105.224110592       9551.535497856       1        1.148174            
-3823.4263668480003  -212.34972211200002  1        56.12798            
-15146.415085824     2374.3730292480004   1        1.648605            
1670.6020700160002   15774.506643456      1        0.275205            
15709.646861567999   7364.200428288001    1        2.266051            
13627.962006912001   15762.267582336      1        0.69837             
3876.1565230080005   4040.04889728        1        1.061778            
-12650.079530879999  -2280.340668672      1        0.289585            
2788.482989952       10678.711988736      1        1.235748            
-936.602802432       4893.269977728       1        1.855928            
341.82305625600003   7212.173747328       1        0.370248            
10465.779684096      -15581.011995648001  1        1.123701            
14881.99021056       7148.725360128       1        27.929751           
-11637.502816896     9924.412455935999    1        0.374431            
-573.8486181119999   -4743.996884352      1        49.421768           
5290.430327424       2220.474681216       1        0.485792            
15731.562908160002   11142.35755776       1        1.126928            
-9458.586225792      -9846.191900160002   1        0.664615            
9945.934213248       -15161.016663936001  1        0.674004            
-14593.212741888     -8709.117943680001   1        0.921834            
-5630.924065536      10304.93540736       1        2.256413            
-5913.106442496      -9896.776800768      1        1.083415            
10093.601181312      8300.975430528       1        22.439364           
13358.704271616      15453.334689408      1        0.403808            
13759.297352064      5617.3927011840005   1        0.255674            
-8751.020433408      7115.53746816        1        19.87821            
-9967.019838336      -11620.659422592     1        51.914543           
-3096.467979264      -4538.276050176      1        0.554779            
-3744.544370688      -307.791868032       1        1.535183            
10528.531225344      11089.471295232      1        2.143577            
-13260.518194176     -10407.5069472       1        1.90442             
-2262.1309413120002  9231.651019008       1        0.904514            
1833.2584680960001   -15867.364182911999  1        54.918551           
14044.534263936002   -11191.025729664001  1        0.518434            
10506.676333824002   6197.762381184       1        0.404397            
-9233.778571776      -3392.864082432      1        0.637851            
-21.533022719999998  15837.712019712002   1        1.834116            
-323.15949388800004  -8313.789027456001   1        0.331931            
6377.0674429440005   -11385.244582272     1        43.899305           
488.973424896        14318.534736000001   1        39.614353           
-11364.717399552     5092.14949056        1        2.17992             
1977.9980394240001   -11001.679970688001  1        1.423449            
5118.866210304       13982.997777408      1        1.198518            
2987.2916916480003   7186.092718464       1        1.808592            
-12688.388355456     -15736.35875328      1        36.820182           
11067.283269504      -1368.742243968      1        6.929468            
9314.1186336         -1750.264598016      1        0.711241            
6736.929636096001    8982.848045952       1        1.962966            
-8299.415976192      1444.883527296       1        56.809706           
11656.456061184      1036.543064832       1        2.225716            
-5144.684916096      12183.859011456001   1        0.589536            
9572.637216384       3931.545315456       1        1.998515            
-3247.4646800640003  5937.187056768001    1        1.249358            
-14268.522761856     -7175.728543104      1        0.454918            
2940.063882624       -634.414670208       1        1.886563            
9057.433093632       -4970.00028096       1        2.132257            
-639.791488512       -10390.111547904     1        1.231112            
-2658.843893376      6204.038822784       1        1.053573            
-15008.993201664     10056.256353792001   1        1.352008            
34.546178304         -15803.859468671999  1        38.165811           
13702.604990976002   10404.125715456      1        1.152435            
-14511.80085696      2382.051209472       1        1.715252            
10085.902079616      14746.036048128002   1        0.232107            
-2759.6902164480002  -8149.351085568001   1        0.828665            
-11179.990457856     4792.523433984001    1        2.116118            
12367.456193664      8386.405847424       1        1.186412            
-15228.126308736002  2909.478299904       1        2.191955            
5498.948201472001    12826.148201856      1        1.08816             
314.372475648        -12633.244183296001  1        0.826851            
-10721.382135552001  -2786.53085568       1        48.457344           
5868.712688256001    11361.728847744      1        15.271955           
-7083.493819776      9262.830449664001    1        30.307601           
7414.17538752        15126.026306688002   1        2.195747            
8370.555418368       4929.88738176        1        1.531451            
-7687.792835712      7607.407712256       1        1.404026            
957.7173957120001    13162.721577984      1        1.044602            
-4380.920831232      -7591.629703680001   1        1.233956            
-11892.966864768001  -8861.633865216      1        0.897526            
-11476.404263808     10613.10868992       1        1.247687            
-13542.280532352     14297.819260032      1        1.84035             
-8121.559324032001   5238.427594752       1        1.670007            
-8509.102233984      -1833.5578060800003  1        0.887218            
-2730.3180791040004  -15897.595709952002  1        1.324715            
-5461.15597632       5869.805432832       1        0.477058            
6591.927741696001    284.229462528        1        1.189719            
9589.41301824        172.53777024000001   1        0.841341            
-11334.922004736     -2496.5898312960003  1        0.67456             
-14804.534093184     -13957.887182976     1        1.137503            
447.94480896         -7370.4124961279995  1        2.110745            
-4678.354961280001   -7853.209258752      1        2.195875            
-5246.619155712      -2316.903355008      1        0.592109            
14711.481823104      10500.96155328       1        1.701999            
-7748.63730432       -14104.255410432     1        1.012046            
1177.9126698240002   -12946.847392512     1        34.930704           
-11299.304003328     -8996.48240832       1        0.695651            
-6967.13985792       -7697.011158144001   1        21.955716           
-8761.588995456      -7115.481141120001   1        2.125968            
-3867.482158848      9765.554109696       1        1.112284            
-5318.477974656001   11095.995575808001   1        0.586151            
-14449.170016512002  9680.666041728       1        1.770911            
-11331.292934016     3524.29437888        1        1.398353            
-5684.449237632      3313.216038528       1        1.007079            
-7971.214407552001   2212.1479353600002   1        2.15355             
5053.888946304       7430.532759936       1        2.050687            
8321.998291200001    -14534.423405567999  1        40.095007           
9558.19979136        2132.157101184       1        0.653647            
-9664.355340288      -3949.6407793920002  1        17.938359           
10993.696015104      15247.509247872002   1        44.308382           
15437.867284224001   460.68437606400005   1        0.661033            
-5940.500696064      1804.367524608       1        2.265661            
-3506.739654528      14029.371024768001   1        0.602632            
14752.301224320001   8910.353536128       1        1.003236            
11886.608346624      -1877.737517568      1        1.087567            
-5290.206628608      -15390.940422528001  1        0.834378            
-4683.57728256       6986.2138030080005   1        1.314381            
-15704.028641664001  -8638.107249024      1        11.698905           
-13430.542169088001  -9100.20462912       1        55.951598           
9187.067362176002    -12360.07574208      1        1.595858            
-15526.767446784     -8676.055580544      1        1.381022            
-2924.89420608       6495.399288576       1        6.692688            
3455.23742784        15303.057365376      1        0.477941            
-2690.5946411520003  -2051.2714717440003  1        0.959183            
-2857.4482083840003  -15357.746093184001  1        1.598099            
10033.126861824      3132.9518077440002   1        28.449221           
3870.581755392       15382.716674688001   1        0.914207            
11770.03390464       -699.7154123519999   1        0.28128             
-1101.1067274240002  10748.412677376      1        2.060764            
3858.106120704       -8568.054114048      1        1.360352            
-631.760861952       238.937694336        1        2.174232            
13030.288660224      -14314.284458496     1        1.337912            
-15391.931778432     3513.0643764480005   1        0.908282            
-6058.819666944      3119.863012992       1        41.678887           
-14188.222933632     1375.585174656       1        1.474058            
1099.051595136       8872.516249344       1        1.767336            
-10942.148726784     -8503.541950464001   1        1.345732            
6746.975161344       1014.165136512       1        1.096214            
2123.411925888       -10417.856638464     1        1.583635            
537.6045818880001    241.32435148800002   1        0.894699            
-12865.2568704       -3002.89910976       1        41.723996           
-3805.343777664      -9751.034608128      1        0.409308            
-12769.04223936      -11726.634724992     1        1.907296            
7335.608822784001    -5459.0590010880005  1        1.242605            
13657.549796352001   -7091.5405397760005  1        0.86456             
-1061.362368         3978.3723978240005   1        2.189276            
3840.0122661120004   6573.53454912        1        47.259528           
-8508.46493376       -11162.953942272     1        2.179605            
12504.348603648      10095.955651584      1        0.293019            
14922.309105792      15830.899666559999   1        0.317128            
9433.177902720001    -9078.909789312      1        0.943793            
-731.1169324800001   3704.1643203840003   1        0.748613            
1515.903878016       14612.846738688      1        0.583298            
14863.968776448      8604.135606528       1        1.494213            
-1299.960490752      7813.79159616        1        1.744593            
5553.2828736         15989.519829888002   1        0.773893            
8329.309540992       -5055.887751552      1        2.059355            
12090.603964032      6152.333818752       1        18.393891           
-10003.949455104     -1730.3586220799998  1        0.298276            
-11096.169384960001  -1746.2718155520001  1        47.500424           
13698.60738048       -15394.677319296     1        1.549251            
-5824.560335616      -3513.5954599680003  1        1.139018            
8808.382281600001    10932.420242304      1        0.235642            
5863.817063808       2518.682905728       1        0.419807            
8070.6074929920005   13712.732592768001   1        1.07724             
703.872347904        4671.061414272001    1        1.333742            
-1791.12745152       -1382.111064576      1        18.589158           
15468.473788415999   1322.6635065599999   1        4.514849            
-9163.574158464      15025.183202304      1        1.611951            
-2447.625540096      -4362.218644608      1        0.986863            
-12975.622463232     -2652.966569088      1        1.859999            
-3908.100392064      -11322.398089728     1        58.248668           
6095.366259840001    -5965.06572288       1        2.177793            
-9536.17591872       8649.31472064        1        1.308652            
9078.185584512       9826.754243328       1        2.207707            
-15251.662964736     14269.522164479999   1        47.366963           
2679.4579806720003   4126.081208832       1        18.925687           
721.6910046720001    6391.910422656       1        1.636951            
7673.77062144        9376.041362688       1        1.386812            
6312.680808192001    11769.786065664      1        1.442965            
13294.192108032      9459.1607616         1        0.910388            
7325.5729536         -14395.221586943999  1        57.889252           
14691.321570816      12894.24115584       1        2.018498            
14262.368630400002   -13739.249753856     1        0.310975            
7578.790357248       -13362.766255872     1        2.094119            
12289.147123968001   4777.870356864       1        1.184291            
-4986.087283584      -434.600128512       1        1.398032            
11337.002886528      -9616.155487488      1        33.436752           
-10196.686101888     1560.611454336       1        1.402927            
-1522.104680448      -49.389158016        1        0.492461            
5147.198711424       -10651.045756032001  1        0.336439            
1994.3924267520001   5037.7488353280005   1        58.640366           
-4288.8888852479995  -7654.537351296      1        1.075951            
1788.259600512       -12427.013187072     1        2.197209            
13132.670297472001   -6853.42361088       1        1.706544            
-15127.531043328001  613.161673344        1        2.225832            
11686.668276096      5237.724311424       1        1.267823            
-3957.830731008      -45.853429248000005  1        1.800867            
-8388.815035392001   -14559.431001984     1        28.395323           
13982.178621312      15977.581716096      1        0.381008            
-15481.271291904002  9767.707411968002    1        1.88755             
-1156.447239552      -181.16385408000002  1        20.506835           
4152.154190976001    11934.16285248       1        1.29987             
8198.643682944       -845.3352948480001   1        38.38359            
4662.393487488       -1969.2319426560002  1        2.185208            
14663.832365952      12697.447352832      1        0.336468            
-2805.41650752       8053.0463312639995   1        1.412354            
12549.469781376001   -1471.99453632       1        49.942211           
-5672.689761024      14284.822197888001   1        1.184789            
-6712.108723584      -2378.23223616       1        1.890393            
7012.092054528       -9627.551252352      1        1.511674            
3542.5362931199998   -457.6169664         1        0.462374            
-9363.285702144      -4435.479202176      1        2.241223            
-10651.662134784001  -2382.0496001280003  1        1.643694            
-10813.87435392      395.38202457600005   1        1.621273            
-10746.867707136     617.959127808        1        2.219531            
-6779.702780928      5520.761250048001    1        1.088005            
-12774.694255488     -68.804284032        1        1.215376            
3065.444654976       188.60063270400002   1        1.801456            
-8297.846865792      6719.11580736        1        1.098974            
-4414.789475712      -9252.364885632      1        1.821419            
3918.005904384       -788.258300544       1        2.091633            
14329.685880576      -3169.58691456       1        1.476111            
14363.919846144001   -15872.66214336      1        2.116825            
-10491.225022080002  -11180.196453888     1        11.675489           
-11861.336817792     6874.979164416       1        1.059704            
-7754.194369152001   -6777.829504511999   1        1.377723            
-14445.676130688     -2819.51436096       1        52.669247           
700.009922304        12097.289179008      1        0.212482            
-757.0901352960001   4853.511134208       1        24.8065             
-11764.0632384       6049.585251072       1        0.470132            
-10715.210301312     -10829.756969856     1        1.456515            
-12083.952545279999  11475.034712064      1        40.401352           
8325.768984192       -5674.28944896       1        2.083566            
9266.712187392       -9742.838219136      1        0.526489            
1389.195396864       9366.966271872001    1        1.806993            
-1621.6828404480002  7672.541082624001    1        1.562798            
13664.780578943999   9469.788869376001    1        1.814427            
5056.515395712       4708.679830272001    1        0.96592             
9240.343085952001    709.220198016        1        0.532731            
10462.758945408      -12741.992385408     1        42.351776           
-9604.827315072      14154.695470080002   1        0.774208            
-3249.8304157439998  -94.941639936        1        0.213888            
-5034.789251712      -12794.318596224     1        1.637745            
-12615.948563328     -1523.902317696      1        1.434594            
1981.0026846720002   -3010.881456         1        1.682856            
4523.388008832       -7930.642845312      1        0.459499            
-9047.849450112      -14382.092558592     1        0.989216            
937.8838402560001    -10003.959111168     1        0.603592            
-1675.3496348160002  -5904.921318912      1        0.505271            
7000.955394048       1105.403675904       1        0.649848            
3447.7346661120005   585.831793536        1        51.106151           
-12592.839992832001  7238.3465088         1        1.911788            
-10177.86160512      15251.6323872        1        1.652165            
-14567.192868096     13320.839625984001   1        0.991507            
11478.322601856      8106.162729984       1        0.314388            
126.375346944        -916.2188513280001   1        1.286614            
-3943.8728904960003  7379.038579968001    1        0.593671            
-12161.732140799999  5577.896180736       1        2.024011            
-9218.798797824      -10266.338510208001  1        1.98886             
11394.076662144002   12518.703952128      1        0.829619            
-14102.686300031999  14113.742493312002   1        0.489699            
-10330.234295040002  5031.955196928       1        1.696662            
-11743.584336000002  -11688.267964032     1        11.652646           
-13139.102845440002  8351.112933504       1        0.495232            
-3495.0155834879997  11691.617008895999   1        1.705726            
2215.178330112       8566.59443904        1        1.775015            
7190.288278272001    -15024.423591936     1        0.875148            
12772.645560576      4730.238602496       1        27.429859           
-12998.386634112     9890.997646464       1        2.214472            
6955.391646720001    -6528.608102016001   1        0.255048            
1589.9546234880002   -1958.6939581440001  1        0.98221             
-7606.321405056      -10944.35191872      1        0.415593            
8719.448322816       -763.242657408       1        1.552582            
-6338.277424512      -6995.454656256      1        1.015205            
-195.85555545600002  -12460.625945856     1        1.208195            
-6932.435963904      2307.915168768       1        24.311104           
-6150.788848512      1827.1220394240001   1        2.003002            
10682.260592256      1271.4799299840001   1        2.195232            
3938.04867456        5882.662482048       1        2.262184            
-5793.852442752001   -14913.509212800001  1        0.515879            
-9180.650907648      -14569.437902976     1        31.091134           
-10452.711810816001  13913.496647424001   1        1.643104            
14838.051900672002   1008.1783768320001   1        18.461885           
4095.4811420160004   -15715.4855616       1        1.726729            
-2740.003111296      10182.366158976      1        1.090159            
-10624.49479872      -8889.238942848      1        53.457481           
-10843.814589696     8064.545094144       1        1.06299             
-15488.8094592       -1188.156144384      1        0.69139             
3367.819471104       -14980.855431168     1        1.809581            
-4026.918259584      -6969.605372928      1        0.279009            
1009.692769536       -7863.653901312001   1        0.539545            
-9632.232834048      -13211.60379264      1        18.381185           
11416.992111360001   -5658.282913536      1        0.635734            
-8321.156604288      1856.653501824       1        1.123968            
4548.258811008       -3801.743675136      1        1.515351            
2393.047857024       -6322.24353024       1        1.814009            
14841.614988288      -4870.917798912      1        18.683356           
10660.944830976001   6643.330189056001    1        2.152097            
-3974.4858320640005  -10964.542748544     1        1.309112            
1402.903789056       -4359.778879104      1        0.274783            
-8574.050529792      3721.498564608       1        0.897421            
5087.664248832       -6677.454719232001   1        32.282734           
-3396.338656128      10895.875258752      1        34.916427           
9771.46201152        6873.459943680001    1        0.77644             
-7812.964393344001   11133.134407296      1        1.637967            
-634.760679168       4548.509868672       1        0.766342            
-4509.016566912      10012.876486272      1        0.832755            
9252.720550656       -10568.621593728001  1        2.206413            
-14445.241607808     11730.897877248      1        30.146386           
-335.31486912        841.057658496        1        1.750753            
-9718.05593088       -3780.1221384960004  1        0.765725            
-6642.063635328001   13106.011514112      1        1.850461            
-11304.281704320001  15078.526518528002   1        1.279082            
2177.13665664        8157.521725056001    1        43.416351           
7191.725422464       -14839.743321216     1        1.513929            
-4181.981772672      13353.235720704      1        0.781805            
-990.192348288       -11391.157312128     1        0.494167            
-2035.9633916159999  763.419685248        1        1.597113            
12215.123737344      3226.7266732800003   1        17.785033           
8247.154139136       2235.6524044800003   1        1.801596            
7404.606228096       -11756.618413056     1        1.342244            
13617.921309696      12709.749178368      1        1.344556            
-4653.52278336       1941.837689088       1        1.585388            
5609.173781376       4813.916443776       1        2.090106            
-10384.335612288     1128.827677824       1        0.332087            
5331.431584512       8689.82995584        1        57.778724           
15430.935839616      9701.201271168       1        1.434269            
304.100032896        -3015.719144064      1        1.85146             
-14047.408552320001  910.520164224        1        17.794657           
-8066.712880512      -5748.880934016      1        1.463489            
2414.9091859200003   8934.138031104       1        2.175039            
2277.8751536639998   -3488.6747681280003  1        1.848875            
8053.29417024        5417.459068032       1        2.210228            
-924.3379918080001   12248.989163136      1        2.254981            
-4542.684043392001   -15229.183647744     1        1.033595            
8134.395451775999    -6502.470746112      1        1.684564            
13393.535303808001   -11330.042473728     1        0.999359            
558.114061824        3191.8650635520003   1        1.004493            
2443.697131392       -883.533074688       1        1.891335            
3395.854243584       -14593.375285631999  1        53.551071           
6903.3551178239995   6583.658932224       1        2.069392            
-15112.448271360001  12568.99273344       1        1.310775            
-14297.12241408      -9488.342996352      1        1.579972            
1839.1438391039999   10329.374905344      1        0.689505            
-9100.270612224      -643.285374336       1        0.793229            
-9445.877236224      -3154.779340416      1        1.666276            
6041.40495552        7950.8658620159995   1        14.428979           
1146.10237632        15773.080764672      1        1.432097            
-968.9651009280001   3895.3720903680005   1        1.32328             
-3537.293050368      -1362.077950464      1        0.899552            
7318.8281928960005   -11783.920934016     1        43.432819           
8264.671848576001    -8244.183290112      1        0.953721            
-11548.980850176     15455.381774976      1        0.533294            
-8215.310049408      3925.6325856         1        1.355788            
-2873.955249792      -7147.431447552      1        0.73497             
-8977.744816128      7370.7263182080005   1        0.947358            
-948.94164288        -10582.827273216     1        0.637836            
-10386.506617344001  3480.195134592       1        1.373177            
-14903.170786944     -5148.5972313600005  1        1.943804            
4825.197945216       12469.6398816        1        2.005994            
-8829.912085631999   10689.647481216      1        1.102385            
-9219.032152704      -7338.589327872      1        1.537783            
4293.99533376        9785.144654208       1        1.871394            
-5842.08770112       5949.72867456        1        2.269697            
-12709.548010368     -5567.406476544001   1        1.472599            
-7956.352115712      -556.541732736       1        2.137682            
12660.364848384      -13947.762799872002  1        1.169448            
8293.978002816       -11601.965282688     1        1.166863            
5513.487015168       -2829.809334528      1        0.28157             
3618.558484992       -15198.337351296     1        0.692669            
11712.020272128      14098.250947968      1        1.787902            
-3858.167275776      -15574.814411903999  1        1.660331            
-6957.750945024      -12281.03281152      1        1.974722            
-5101.8844124160005  5617.883551104001    1        1.006274            
-543.1600373760001   -9731.843180928001   1        1.705723            
-10083.375409536     2506.2330205440003   1        1.592527            
4112.2859120640005   9977.343780096       1        18.492173           
7707.172556160001    -5349.256678656      1        1.259862            
1738.632259584       779.13171072         1        1.40731             
7941.037598208       -4964.216298624      1        40.19739            
-14299.835768064     4768.143481728001    1        1.740935            
2414.811015936       -15063.400294272002  1        11.036989           
2462.326897536       16028.4225024        1        2.038789            
2604.134244096       8200.069561728       1        1.596542            
-13029.406739712     -12224.498166144002  1        1.329223            
8578.654862976       -9410.407294464001   1        12.980571           
-6672.642780672001   -6935.171848704      1        1.063673            
-6640.549242624001   -3684.358123776      1        0.655779            
4400.1573200640005   -11219.631819264     1        2.002436            
-2558.496466944      -12961.122273792     1        19.204936           
-6561.462859776001   8891.063938944       1        0.299456            
9147.828336768001    2072.921976576       1        54.352489           
-13529.132191872     -16001.472427776001  1        0.952581            
2536.900679808       -12659.17232448      1        23.679618           
3624.791474304       4439.475203328       1        55.821682           
-2247.719265792      -5356.812548736      1        1.541581            
14745.601525248001   -5115.375543168      1        2.258076            
-3781.6268751360003  15939.247142016002   1        1.209177            
-3468.5306092799997  15073.980121728      1        0.836832            
-2642.415709824      12779.351697024      1        1.051231            
-584.985278592       6432.193912320001    1        1.4106              
7668.683485056001    -2527.534297728      1        2.120807            
-12021.395734656     1466.511501312       1        2.199947            
7975.308578688       6354.206711424       1        53.919445           
-1567.4109327360002  -8383.241877120001   1        1.902185            
13041.621660672      -9032.10523776       1        1.03265             
-587.80484928        -16059.109473792001  1        0.544264            
13113.692913024002   591.8056784639999    1        0.346617            
13638.068687232002   7448.324057856       1        1.076705            
-6402.771885312      9843.671667456       1        2.263902            
-12711.643376256001  -6169.177213056      1        0.603326            
-5689.874336256001   9455.293507968001    1        1.247729            
9824.837514624001    -10011.19794048      1        12.700076           
13229.387043839999   -2716.102743552      1        1.839482            
-4396.158100224      -15253.158045312002  1        1.987382            
-1497.855085056      4446.680236416       1        2.094821            
-3197.161414656      -13436.919999360001  1        1.371342            
11033.808914304      1121.3249160960002   1        46.143937           
-6736.026794112      6364.543527936       1        1.098107            
1158.4074205440002   9527.567537664001    1        57.589651           
-2223.4407022080004  -12508.936843392     1        1.430465            
-6410.311661952      -8429.613515136      1        23.774216           
1726.6233346560002   6035.888124288       1        0.587128            
-3878.057158272      -7044.151796352      1        47.123109           
15167.550600576      6578.988615936       1        1.288852            
-4880.556160128      8208.811518336       1        0.412007            
-11157.594826752     -13186.617117696002  1        1.647319            
-12768.071804928     -13008.333989376002  1        1.069659            
-8417.908756224      -9160.92517824       1        0.497833            
-9084.952876031999   -2239.413441408      1        1.235258            
-13287.514939776001  -14099.911790976     1        56.929808           
11165.079885696001   2202.422669568       1        1.026034            
13766.141892096      4475.00630016        1        0.481803            
-13667.567962752     7325.148086784001    1        1.456558            
-4116.16282176       -2887.42063104       1        1.172422            
-14589.923242752002  -14433.939184895999  1        1.367843            
-718.3113822720001   -437.844566016       1        1.593025            
5385.52485504        15758.168583168      1        0.528846            
-1313.704288512      11152.712077056      1        1.185922            
-3432.2479488        -16038.220188672001  1        38.218687           
9898.743419136       9659.023583616       1        1.857655            
-10673.602321536     8122.2272017919995   1        7.228351            
-14669.242980480001  11182.351365504      1        0.462197            
913.091895936        8460.14438016        1        5.906856            
-14490.702357119999  -13656.521425535999  1        1.216678            
3836.14501248        1227.863488896       1        2.247862            
-15382.208121984     -561.599900928       1        0.393208            
1925.375709312       -15849.384591744     1        31.459315           
-347.462197632       -3825.3189553919997  1        1.033217            
10710.865072512      8189.153381376001    1        26.707808           
-9837.535238784      12183.181477632      1        1.145023            
482.981837184        -12484.532750976     1        1.468279            
-15128.055689472001  -9840.135938688001   1        1.13437             
-7411.1643048959995  13572.383311872001   1        0.223878            
9085.174965504       15550.8094368        1        1.231756            
-11581.405913088001  -15199.850134656     1        1.226931            
12832.276583808001   13639.362599807999   1        43.280958           
11772.613683072      -11323.383008256002  1        1.278389            
-5393.92563072       -5722.81117056       1        0.844236            
-1683.6699432960002  12098.512280448002   1        0.718964            
-8865.412604928      10251.302409216      1        1.557357            
2523.543124608       -10414.092382848     1        2.242743            
1985.000295168       2180.305454976       1        1.163362            
14160.334611456      1291.4518890240001   1        1.747166            
-4219.651687680001   -15879.617728128     1        2.072825            
-9052.674263424      12270.770024832002   1        0.844825            
11006.842746240001   13042.318506623998   1        0.493775            
10459.3680576        -1929.8802631679998  1        1.134473            
8595.287433216       -16061.927435136     1        0.984263            
-4171.07363904       8352.162225792       1        2.131265            
-12016.831635072     -7201.362174336001   1        0.234465            
2879.475299712       2283.678448128       1        1.950019            
12767.833622016      -8577.100236672      1        2.182318            
14240.729390976001   2617.113603456       1        2.005063            
2657.006022528       -3662.4871388160004  1        54.765458           
-363.821179392       -6289.610861952      1        0.24631             
8257.804777728       15145.024612608      1        0.624855            
8139.772270080001    -7845.7290278400005  1        0.814426            
-5223.925795968      -2572.430167296      1        2.054575            
-5008.444290432      -10747.051172352001  1        1.407192            
14823.651490560002   11455.751552256      1        46.392023           
13842.799774848      2459.9611618559998   1        2.129893            
-13644.013603968     -7737.301085184001   1        1.549363            
-6735.346041600001   -9473.817057408001   1        0.315529            
-5308.6191333120005  15915.33389952       1        2.212149            
-9520.315833600001   6463.484387712       1        2.249016            
805.285160064        11734.995267072001   1        0.688622            
15724.134176256      14517.8117568        1        2.045822            
-15472.218731904     -12918.004729344     1        0.998425            
9576.069947136       4149.133452288001    1        1.122242            
-12461.713862400002  -1462.734370944      1        0.654168            
-4448.006335872001   -12138.407918208     1        1.85925             
3843.4353407999997   4571.140464          1        1.320754            
12871.116491904      -14453.405809920001  1        1.29258             
-12072.885086592001  -3010.2200156159997  1        30.977037           
10783.411081344      -8623.072757376      1        2.197318            
11817.046061568      15425.039203200002   1        2.202132            
-10431.02750976      1376.4767512320002   1        1.536958            
14675.852556288      8979.750058752       1        2.154439            
-8449.255558656      9790.199603712       1        0.634404            
15295.927971456      10948.642429824      1        16.082307           
-13724.7270336       13556.890157184002   1        2.017388            
-5020.062144768      3644.8632126720004   1        23.324937           
-5676.318831744      -3347.058933504      1        0.248181            
-12275.279406720001  -4222.561381632      1        0.246744            
-12708.955771776     -8216.822832768      1        0.244606            
14867.860170240001   -15582.16750464      1        1.607512            
2449.205915904       11631.007504512      1        2.033028            
8906.690669184       -10374.980495616     1        1.005485            
11306.41408512       11751.581166336      1        1.18139             
12654.342683136001   8417.302033536       1        2.231239            
15552.259455744      -6283.533979008      1        34.097158           
11482.867389312001   -14567.834996352     1        0.450814            
15044.513033088      -1279.4542295039998  1        2.081955            
-1132.699759488      12657.282954624001   1        0.76912             
-3862.69114176       -6379.185339648      1        21.88898            
14963.588779392001   -11062.691811072     1        0.326525            
5067.6021665279995   9407.164466304       1        0.372821            
-10511.093983104001  -12867.740088192     1        0.887353            
8951.052236544       -1599.926118912      1        51.379671           
-14611.884350976     -12100.258418688001  1        1.550943            
-11829.990015360001  -5052.3584601600005  1        0.299439            
9817.605122688       2868.86489472        1        1.025503            
-8757.660586752001   10300.229685504      1        0.836184            
-4352.943995136      -680.966554752       1        0.867626            
-13225.704864767999  3498.519125376       1        0.972398            
-4026.1747426559996  -12852.161638272     1        0.409322            
-1762.305709824      10476.285481728      1        1.053519            
14723.885037312002   -11911.170154752     1        48.362462           
-5792.956038144      6184.921425408001    1        0.81895             
-2708.0351020800003  3304.018637568       1        2.079274            
-5875.719772032001   -1295.858272896      1        0.585403            
-9502.820654976002   -4966.356726144      1        0.226596            
-1050.309393408      -10329.490778112     1        34.382449           
11584.030753152      15485.956092288001   1        0.316976            
-886.030776576       -3509.8875313920003  1        0.612563            
1007.298065664       -2233.370354688      1        2.218524            
12820.040741376      -6894.133576704      1        35.976227           
13060.895164416      -15071.286079872     1        21.608312           
-12844.514035584001  -10685.926677888001  1        2.039447            
1366.114185216       -10522.488138624     1        0.513474            
4874.591931264       3131.278089984       1        1.824571            
-234.01471104000004  -8874.363776256001   1        1.734371            
-15410.044945152     -2539.6365646080003  1        1.955685            
9289.830413952       13748.347375488001   1        1.352904            
2794.3860637440002   -4668.211266048      1        1.747445            
7315.905624192001    15012.648021888      1        0.57202             
3612.31744896        13550.06492928       1        1.744445            
1392.472021248       -2279.019397248      1        1.170268            
302.761058688        -10841.986374912     1        1.421678            
7452.23637312        -14546.287489536     1        0.454637            
-10828.582148736     4056.813433728       1        0.73365             
13963.291360128      8936.41364352        1        49.536369           
4227.645299328       -12412.506560255999  1        23.813154           
-8162.018232192      11738.566401408      1        45.077302           
-12332.374103808     2832.7302938880002   1        0.307415            
-14029.27124544      146.165450112        1        0.832486            
-2632.120736256      15226.085660544      1        1.270685            
11119.195878912      4890.799634688       1        2.110966            
-29.909658240000002  6682.213549440001    1        1.405101            
-149.012379648       6664.3063787520005   1        1.610122            
-8060.005134720001   2611.194436224       1        0.378437            
-7865.713861632      9522.739505664002    1        1.849155            
-9629.187955200001   5622.608585088       1        0.964379            
-12730.384187136002  -14783.371219584002  1        1.399015            
-2920.4411512320003  -132.753177216       1        0.433119            
-4799.891010816001   12620.512662912      1        1.204419            
-15174.588261888     1619.8884218879998   1        45.001208           
6814.055837952001    -7599.753672192      1        28.681977           
15229.835432064001   3111.751919232       1        1.866321            
536.687255808        835.9206324480001    1        0.974395            
-7939.373536512      -15043.090372992001  1        1.16933             
-2884.142397312      -6449.949804672      1        15.537331           
-14604.10478208      -13549.041386496001  1        1.589595            
-12350.167011072     10717.239684096001   1        0.278117            
-5690.786834304      2424.714918912       1        0.287135            
13833.71180928       9540.785079936       1        0.945308            
-1074.734407296      3887.101671552       1        1.126232            
-15761.356693632002  -9330.112294272      1        0.993794            
5312.207970432       -15244.356542975998  1        0.600181            
6466.033588608001    -3302.5332130560005  1        2.015502            
-2605.976942976      3119.473551744       1        2.015383            
4520.426815872001    8116.320909312       1        2.25055             
12903.5592576        242.79368256         1        0.716395            
-14497.0914528       -10811.478040704     1        1.987995            
2778.43585536        -1467.7410401280001  1        0.898319            
-11471.656699008001  -14805.679946112     1        19.44044            
-1735.9897167360002  13362.465308544      1        25.985414           
3202.4448910080005   15422.443331328      1        2.188401            
12303.504081792002   -4970.528145792      1        1.210643            
13204.123561728002   -1557.400813056      1        0.89607             
-11038.984564608001  -3839.4232462080004  1        52.433823           
9164.73932352        13351.61672064       1        0.654604            
-2236.608354816      -3041.3994462719998  1        1.506088            
-15667.678388736     7984.4094190079995   1        13.699015           
11348.413135488001   -6199.728999552      1        0.608276            
11515.04944128       -13448.003551488     1        21.54617            
-5161.697291519999   4222.229856768       1        1.555885            
11556.60270336       3326.955008256       1        1.906483            
14714.235410688      4532.5258640639995   1        1.15099             
-885.531879936       468.135638784        1        38.505881           
-13291.638079104001  -2313.2517534720005  1        1.866302            
5153.864614272       2672.603784576       1        0.530101            
12277.25085312       -12018.101407488     1        0.386507            
-4057.919053056      -12623.053817088     1        0.779302            
-11187.613920384     15301.272602880003   1        1.169473            
7955.885405952001    -14753.17027008      1        0.564775            
14274.79276608       -14389.135047936     1        2.031905            
-5401.048587264      -5677.7141329920005  1        1.75636             
-9431.063224704001   -5536.874002176      1        12.113698           
-3046.682922624      1233.042357888       1        0.280013            
6982.512311808001    -5008.505445504      1        5.961546            
15770.425347072001   2746.847651328       1        2.164385            
-9319.08345984       15443.670578688      1        0.249446            
180.687488256        -13211.030866176001  1        0.429598            
-9181.745261568      4280.504203008       1        1.313911            
-12180.141426816     8880.324786432       1        1.673699            
11180.605227264      3624.41971584        1        1.881903            
-14740.226316288     -12142.337936256     1        39.441463           
1161.952805376       7177.590554112       1        1.98424             
14907.742933248      11678.30129664       1        0.36231             
-15315.169288320001  -10789.780864896     1        0.274019            
-2312.398801152      -245.54887948799998  1        3.301096            
-6480.297204480001   -8113.762052352      1        1.732481            
-12476.51178048      6649.2203880960005   1        2.056577            
3810.0285780480003   -4214.43741312       1        0.96812             
13917.338151552001   1915.0131432960002   1        0.388668            
-13661.365550976     -13270.428534528002  1        2.212291            
-11831.15678976      -703.309077504       1        1.792997            
14118.787786752002   -9120.64329792       1        2.235434            
-29.690787456000002  -3090.6147951360003  1        45.039755           
-3412.5849838080003  6409.191558528       1        39.691278           
9685.251062784       -3213.88410816       1        0.302723            
-5826.43683072       5454.961611264       1        44.793463           
-16078.796578943999  -8537.898226176      1        21.127702           
-11479.822510464     9717.342991488002    1        10.220006           
-8025.833933567999   -8630.192495232      1        1.620387            
9803.191837824       9870.180781824001    1        0.720611            
4490.052057216       5041.7931168000005   1        1.687775            
-15028.160488704     -7329.16179072       1        0.903579            
-7472.769993216      10670.26454208       1        2.103872            
-183.999518208       -2174.7773583360004  1        2.010457            
-10417.760077824001  12150.803085696      1        0.453271            
-4106.91714048       -14180.069996928001  1        13.375776           
-675.166478976       -2463.155709696      1        1.176987            
-10314.679985280001  -562.921172352       1        52.676811           
-2244.7596821760003  3039.091646976       1        0.212812            
12696.193673856      11283.089862528      1        1.564091            
-3903.565260672      -8893.320239232      1        2.162307            
6828.755586048       8067.260057472       1        0.783045            
15448.02063552       -15498.891999360001  1        0.232487            
-13760.477001216     -15254.759342592     1        0.673456            
-10568.661827328     7071.220962432       1        12.037663           
-4064.1182461440003  14912.339219712      1        1.511313            
979.2423717120001    -7295.037260544      1        0.557421            
1873.4872400640002   -11274.880598784     1        1.869768            
-4267.18366272       -6428.384595072001   1        0.961358            
-13265.494285824001  -15829.428726144     1        1.647456            
10678.980749184      -10555.774200576     1        1.451757            
5822.017572096       -10623.575863296     1        23.70126            
-14509.777911551999  1813.878747648       1        1.892261            
15935.63577408       4430.244006144       1        1.313938            
-9672.075363456      8793.899794944       1        35.195582           
6810.061446143999    10118.529919872      1        1.328137            
-4380.230422656      -4046.7630804480004  1        0.802642            
-4505.091376896      2679.285780864       1        6.981994            
7375.692753792       14991.621942528001   1        1.763067            
1758.732966144       -12045.469911552002  1        1.906276            
1028.62831104        -8787.145378176001   1        1.600075            
-7213.581923328001   -11588.430699648     1        0.909053            
-4096.179597312      -11585.717345664     1        0.387517            
-7796.616676992      -1268.4044736        1        0.550609            
5007.092441472       -9702.849239424      1        1.645537            
15021.629770752003   10207.949900544001   1        1.98723             
6942.322164096       -14935.72620672      1        1.968898            
11467.56574656       -7242.2894016        1        31.922386           
-4012.6353315840006  -8204.039813376      1        1.029184            
2725.382221056       2736.3772592640003   1        1.855925            
-10661.326245504     -6258.22382592       1        0.944378            
-2053.044968832      -2309.664525696      1        2.069743            
7740.514945151999    8066.1962810879995   1        2.150651            
2432.090542464       5348.587191552       1        0.967061            
-11273.76049536      -13636.267831296     1        0.646419            
-1665.732195072      10337.877069696      1        1.755109            
-757.83204288        8102.066949504001    1        39.43652            
-2719.9973560320004  -40.549031424        1        0.348486            
-498.2529024         3761.5229498880003   1        32.106601           
4896.683396352       -157.73502412800002  1        1.07655             
-13128.564860928     -11664.510827904     1        1.815979            
10409.842105344      -5281.612731648001   1        48.610075           
1599.182601984       1764.803411712       1        1.346569            
-12126.551880960002  -12556.739188224     1        2.145316            
13029.50651904       11669.577042816001   1        1.983148            
8543.674161792       14019.265953792      1        2.090445            
-14869.90403712      -10430.510910336001  1        1.277248            
2289.159873792       7240.247144064       1        41.163927           
11732.981977727999   -8874.294574464      1        0.664322            
6168.990529152       5362.8974784         1        1.068336            
-2667.526304256      -6859.658209536      1        2.253367            
1991.8609286399999   -268.794244224       1        1.510385            
13908.375714816002   14192.402399999999   1        1.634762            
-13698.744174720001  -7502.829320448      1        52.414767           
-13494.289894272002  -5257.123344         1        33.884421           
4909.9701404160005   -15120.506256768002  1        9.453459            
-14007.543492096002  -14738.876076672     1        0.539444            
1968.3371473920001   -722.140011648       1        0.848102            
15917.364891648      10893.704253696002   1        0.863847            
3882.4860729600005   3009.38476608        1        2.251707            
10359.891286271999   6253.949408256       1        1.933672            
-14327.672591232002  13202.874710784      1        54.898173           
15060.791547648001   -2893.360719744      1        0.890937            
-14349.059163648002  -10930.485810816     1        0.644553            
9706.425201792       13148.647864704002   1        13.900114           
-13287.016043136     9058.492041984       1        2.133556            
5835.856321152       -7314.73402176       1        1.872291            
896.1422849280001    4421.925307007999    1        52.980364           
4630.736081664       15204.612183552      1        0.589534            
16070.399021952      -1649.397353472      1        34.520632           
-12021.537356928     -15253.875812736002  1        1.480389            
9734.900934528001    9429.856216704       1        14.100293           
9299.669943167999    15871.023831167999   1        19.594992           
9729.308464128       -8154.357754752      1        0.523603            
10019.877132672      -13820.936836608002  1        11.614578           
-5949.59188032       -13457.398901760002  1        0.223962            
-2349.946406016      15361.127324928      1        0.92281             
12997.155485952      13221.028111104      1        0.719355            
-14151.116289024001  12810.935073024      1        27.640526           
13520.797399296      363.589433856        1        0.305792            
-10470.564263808     6508.142074368       1        0.326547            
-7910.926771968      15762.573357696001   1        0.511777            
-6722.907421824      -7747.930802304      1        0.942818            
-1067.434422912      4559.720558976001    1        1.592747            
-6309.268998912      -4904.01717696       1        2.204582            
-14059.938904703999  2988.9718467840003   1        1.186327            
-6252.5235294720005  -10542.234789504     1        1.778629            
-3569.7422534400002  7946.341996032001    1        0.670777            
13289.15003328       -12053.06923392      1        1.606116            
3957.4396604160006   10298.499640704      1        47.823541           
-968.9860224         -9908.62640064       1        1.214458            
1068.593150592       -13556.170780416     1        1.231409            
895.556483712        -2627.976675456      1        1.081948            
11898.530366976001   -11556.226116864     1        0.388747            
14551.521076224      14717.500769664      1        0.524308            
-12886.150983552     -1445.56106112       1        26.012201           
-869.7973236480001   -6669.490075776001   1        0.445123            
-1067.286363264      8768.010278016001    1        1.910959            
13697.22334464       -9007.07993856       1        2.086497            
-10915.671799296     -12571.260299136     1        0.9447              
14274.757360512      -11928.190576896     1        51.633406           
-9757.595903616      3530.099282688       1        0.769746            
-15885.937622016001  -2661.3238924800003  1        0.450481            
7031.69869248        -9730.678015872001   1        0.332778            
-8615.491137792      -3779.3496533760003  1        0.44506             
-10147.668702336001  428.98995532800006   1        1.077302            
-2641.35998016       -11892.355314048002  1        0.357183            
-245.67279897600002  3067.351727616       1        1.818284            
13362.280233984002   -4487.845646592      1        1.143475            
-12251.173042944     6591.374127360001    1        47.285539           
-11736.025247232     -8323.391983104      1        0.439284            
-9992.154572928      -833.601567744       1        0.912387            
14328.01377216       -12322.930473216     1        36.79457            
9548.846284032       13651.506709632002   1        0.289982            
-15109.770322944001  -3795.42860928       1        12.746093           
14501.858329728      -9955.834897536      1        1.90765             
-4143.716400384      8097.140747519999    1        1.901841            
13610.989865088002   -15602.591689343999  1        29.146029           
-14372.748707327999  82.276102656         1        2.245714            
15255.066727296      2715.476708736       1        6.351747            
5111.144577792       -9962.154791424      1        1.537894            
14419.665912960001   5678.227513728       1        1.279135            
-13972.569228288     7001.074485504001    1        1.498036            
4539.027613824001    5230.266611328       1        0.250451            
12550.848989184      -9518.403932928      1        1.510487            
-11647.1041632       -11711.366878464     1        41.35877            
12035.673834624002   -15473.77013952      1        2.06495             
9932.229039744       8142.6546051840005   1        1.163253            
9092.244813696       -4524.866995968      1        0.767671            
-3758.6631456000005  15809.596780032      1        1.75246             
-4304.092358016      -12721.346111232     1        1.233732            
-10340.537315328     8697.067175808       1        2.068623            
6134.138575488       -690.809302656       1        1.924441            
-12877.159578624     -9935.708441472001   1        0.315288            
-4449.300248448      8101.878656256       1        30.70417            
-7029.59849856       -2693.14062336       1        0.647425            
-7422.598694016      11761.46414784       1        1.737312            
-281.95545945599997  -3299.135887872      1        1.446042            
-11215.177155072     6477.805939968       1        0.363328            
-2824.6336842240003  8836.43314752        1        0.943453            
7109.196652799999    15018.158415744001   1        2.188679            
-11976.380773632001  -9376.171719552      1        1.067208            
-5225.741136000001   9600.55772544        1        0.270307            
6040.0289664         4386.294430848       1        30.184308           
-6247.737340416      -5535.573652224      1        0.232121            
-14849.774362368     9065.837088          1        1.813818            
-697.938696576       12624.825704832001   1        0.640709            
-4984.091697024      -530.872695936       1        0.321069            
-1919.0831742720002  1728.614093184       1        2.258903            
13619.770445952      5286.865630464       1        0.513434            
7094.7077287679995   -42.485072256        1        50.676783           
7152.6521594880005   8420.041137024       1        1.454543            
15480.994484736      6058.563781248       1        47.050017           
-6267.74309568       -6717.102518016      1        0.375711            
