trucks_count 15
drones_count 15
customers 1000
depot 0 0
Coordinate X         Coordinate Y         Dronable Demand
-31345.191478656     -8880.506642304      1        1.954249            
-15544.458965376001  27411.161336064004   1        1.050617            
-2402.802091008      5441.36104512        1        0.993976            
20030.170621824      4476.2310109439995   1        0.620231            
-1965.345376896      -7297.3273570559995  1        0.546161            
-14038.689126528     17772.241677695998   1        0.489763            
-567.750813696       12988.653321599999   1        1.22102             
-27731.927735424     5642.099350272       1        1.765854            
17060.92128576       27422.640786816002   1        12.556002           
-25878.705355008     24160.511764224      1        1.197466            
-8861.50672704       28997.931067776      1        2.089476            
-29292.787028736002  -31599.942587136     1        0.936589            
-24949.135385856003  -28670.490718848003  1        1.432985            
-23350.121764992     27288.757850112004   1        1.473848            
25467.141376512      -1990.877619456      1        0.754863            
-15608.618682624001  5915.243651328001    1        1.319969            
27305.607681792      -17442.250518528002  1        49.732539           
-30947.347157760003  12422.605193856001   1        1.550134            
4776.888657024       20085.092704512      1        17.520236           
-20177.869776768002  14228.100868608      1        0.222185            
31720.630512384      27368.784089856003   1        1.000945            
-19890.632450304     -14230.29440448      1        18.987073           
23284.615026816      24000.972665472      1        33.151531           
-3876.339988224      15599.297362176001   1        1.348037            
-19586.991080448002  -30154.672817280003  1        2.223021            
-8631.240178176      27500.793750144003   1        30.973136           
9470.307078144       11830.672377216      1        1.592264            
-14974.401961728001  4540.63534848        1        34.246554           
560.67935616         26070.160963968      1        1.097012            
27626.951835648004   -12337.958527488     1        1.551987            
12674.657432448      -25714.816199424     1        1.555485            
23148.115296768      -27222.757043328     1        2.069038            
-25571.980482048002  27822.646456704002   1        5.551606            
16633.259039232      -62.383001472        1        32.17794            
-19053.485497728     -20022.04182528      1        0.343619            
-21968.306819712     -16160.897263104001  1        0.727729            
-20703.104940671998  -13010.2185312       1        0.794342            
-29957.072732928     11940.273531648001   1        0.437666            
-10776.893238143999  19982.622553344      1        0.6035              
-176.54181811200002  -3644.905055616      1        54.473241           
19499.74532352       17492.692187520002   1        1.605825            
-16623.4774464       10508.164977024      1        1.40115             
27105.041576448002   12456.866518272001   1        1.92754             
13989.966236928      -27925.506069120005  1        1.128498            
-12322.51365312      4434.315646464       1        0.762695            
-27548.777950847998  11762.276866560002   1        24.03973            
22280.094688896      -1629.2193984000003  1        1.543641            
20108.77742016       21518.609435136      1        59.857831           
18903.52360512       -14037.855486336     1        24.476754           
-5080.9114414079995  30516.810622848003   1        41.084616           
-5296.835516544      -7657.327953792      1        1.974421            
-11882.259899136001  9795.524923008       1        20.698072           
23282.012717568003   -24651.200749824002  1        37.085588           
2803.433795712       -19312.142484096003  1        1.007944            
20013.853483008003   31541.858143488      1        1.298505            
-30737.245689216     -31996.834176384     1        1.968833            
-12228.413700096     -5270.863923072      1        1.412693            
-13436.264996352     -9693.711384192002   1        0.238139            
23696.97884928       15975.492787583999   1        46.488374           
-619.768030464       -8677.376851968      1        1.887302            
24215.977805184      -20949.287901696     1        53.648952           
13526.645755392      15475.556511360002   1        0.900091            
-18787.681414656003  22622.13017856       1        0.573383            
9482.446359936       -32088.024435455998  1        1.953604            
-31229.378256384     19348.478252928002   1        2.212836            
20433.845596032003   -25882.107508224     1        8.453732            
-15889.634285184     -11294.381020032     1        1.404204            
8984.265878016       22142.198048256      1        1.067484            
-29058.102830592     -24563.230788096     1        0.352911            
1535.0582903040001   -22448.346776064     1        0.694344            
8895.982094208       -6117.523708032      1        32.201117           
21405.335757696      -18905.667251328     1        0.495721            
-12688.69574016      16743.967422335998   1        2.033382            
-22590.9249984       3642.651974016       1        49.904926           
-15155.501442048     3823.244510976       1        1.247359            
31295.111912064      27278.850728448004   1        0.487063            
27585.836315136003   -9012.186387072      1        1.044642            
-11669.276095488     -9756.536955264      1        7.798319            
3732.641662464       -21996.579775104     1        1.794264            
-9248.005172736      -25907.232586752     1        1.614816            
11680.187447808      -24574.470446592     1        33.661593           
-9507.563391744001   29007.358604928      1        1.866022            
-1877.1581537280001  -15407.976938112     1        48.068463           
13100.460886656001   23456.750461056      1        1.576826            
-2111.0972256        27712.576983168      1        0.617688            
-2156.828344704      26115.377092992003   1        1.952934            
-31605.346764288002  -1390.421716992      1        0.83854             
-6339.365341056      695.777347584        1        2.191235            
27757.643443200002   -7889.567558400001   1        47.60761            
-18732.2411232       25768.629444095997   1        2.028663            
13802.231431296      24555.074632704      1        43.502459           
19667.653011072      26293.455834624      1        33.089345           
-4162.328463744      -1077.047034624      1        0.552557            
-23543.579397888     1945.177077888       1        0.65641             
11076.033272832      25270.556788224003   1        1.890349            
-16098.116753663999  -6566.9941751040005  1        54.066784           
17872.544042496      -18941.85013248      1        1.703405            
14778.736308864      26438.3836992        1        0.662436            
12153.627484416      -22944.880899072003  1        1.530283            
19730.795622912      -8570.023951104      1        0.744315            
-25231.934141568003  -2963.415464064      1        0.806206            
17595.310398335998   19567.2492576        1        0.840583            
10205.262296064      -27750.464159616     1        1.206833            
-24744.917678976     -11950.814734848002  1        1.658605            
-3581.8364736        28054.601207424002   1        0.642297            
-12732.597035136     -14906.616392448     1        1.492588            
-16476.283625472     -1696.2469666559998  1        1.280513            
-13392.510151679999  -24262.067808        1        2.062846            
-26988.851767680004  11149.818476544      1        24.621065           
-21646.351115136     17238.388476672      1        0.567618            
-24340.598967168     -933.4500975359999   1        0.64876             
14160.424734720002   30571.11471744       1        2.11486             
14255.860443264      -2979.93377088       1        0.361399            
-21074.795812224     -6016.992816384      1        2.041366            
-16116.336137088001  -23766.837253632     1        1.597872            
-198.33877324800002  -12311.65058112      1        0.608166            
14217.310217088001   -11991.333188736002  1        1.103065            
20753.5369536        21523.862333951998   1        1.60541             
-27397.470646656002  -27762.078795264     1        0.740145            
-21258.993279744     13285.337497344002   1        0.706849            
-20000.215901952     576.673016832        1        1.591383            
27786.133660032      -23236.790151168003  1        1.573492            
3215.596450176       -20406.47387328      1        1.664462            
22513.954902912003   10468.250027136      1        47.676933           
-14895.330062976     14200.330028544002   1        1.85509             
-28372.131216        23403.463471872      1        0.255117            
-26700.0228          -17365.299735168002  1        0.4887              
27680.251699584      -27271.904799744003  1        2.21882             
-27893.261252736003  -10579.888611072     1        0.383907            
-18215.52904512      -13230.128951424002  1        45.243485           
13464.565310592001   15371.483453568      1        47.168956           
15663.542374656      -30380.639198976     1        55.02004            
-11766.754061568     20464.102872576      1        0.380141            
-23671.045880064     -28219.567014144     1        1.884616            
-29217.93804864      15021.422165376      1        0.342893            
4928.981321088       -11325.592637568001  1        0.817169            
30540.258764928      -29644.961385600003  1        0.707531            
8852.991687936       13648.851292031999   1        0.901387            
-18202.451515776003  11306.80032768       1        1.906525            
-18383.219471232     -28237.667306112002  1        0.323678            
11437.9296768        14792.422170240001   1        1.566196            
16485.147892224002   2208.670142976       1        0.51271             
15474.238458624002   -5480.48419776       1        0.896999            
13141.196601984      18993.643650432      1        31.477961           
-19118.263203072     -2315.961888768      1        1.512505            
-12793.613703552     10164.521752704      1        46.838963           
3472.423612416       27194.744801664      1        2.150508            
-12269.614515840001  17421.168112127998   1        43.783512           
-27227.665542528     3707.10781056        1        0.807452            
-27368.405894016003  10714.090197888001   1        0.342695            
-22363.056372096     -18498.060649728     1        57.406427           
-7238.330415360001   9919.254508416001    1        2.21456             
-12737.920745088     -26887.043056896     1        1.966016            
5165.083351296       -2291.87483712       1        1.59531             
-28245.40342272      -13135.663677311999  1        1.937258            
-23717.654091648     23266.365065856      1        37.360436           
2872.2235956480004   5100.809370624001    1        23.667167           
-26765.069265791997  2709.988845696       1        2.15559             
-24837.025264128002  -12348.425700864     1        56.511514           
-7613.231928192      -29957.209527168005  1        0.567157            
-25332.473079936     -7805.110794624001   1        1.822973            
2204.8093267199997   20290.493279232      1        0.505241            
7844.069794176       1055.869676928       1        1.066832            
3239.8170773760003   7763.407863552001    1        1.967803            
9590.895224064001    -13760.393315328     1        0.601864            
-3202.9502250240002  2862.6592642560004   1        0.72157             
18101.614848768      943.0675372800001    1        2.201756            
14991.143967360002   -17667.045297792     1        1.992983            
22543.132309632      11976.371117568      1        1.005692            
31732.726341888      29975.694452352      1        0.341515            
16806.406750848      7889.643197568       1        1.66541             
12536.945866368002   1379.798437248       1        2.122006            
25609.159547136      16124.905893887999   1        1.508893            
17504.171638272      19801.733897088      1        0.571572            
30604.55688576       16429.739787648      1        1.406981            
2087.573444352       -30404.761656192     1        37.205926           
-6139.71978048       -10492.079583744     1        2.131856            
31985.950182912      -29910.778343423997  1        1.887418            
23519.107713024      -26695.220517504004  1        1.749739            
-8442.34503552       10919.381337216      1        1.932685            
-19929.670307712     22816.423060991998   1        0.764122            
10123.330593024      6366.204370944       1        0.857778            
5842.78776576        4545.331414272       1        1.976226            
8837.733497472002    -16779.805903872002  1        2.008349            
24969.005956224002   539.3603761920001    1        58.449672           
30693.374971776      24018.7752288        1        1.982217            
9631.687266432       -2480.761933056      1        0.846526            
21394.400265215998   9179.81083008        1        48.458272           
26206.288935552002   -11721.438153216     1        0.338652            
16843.832045568      16253.497307520001   1        12.706186           
-27073.784897280002  -9648.044638848      1        2.24307             
-448.609468032       -17171.331940224     1        0.758024            
-9337.339858176001   10921.536248832      1        0.203019            
5820.07992192        -12405.467289600001  1        0.825173            
-7197.197192064001   -12577.250277504     1        50.086645           
-31516.570521216003  -14842.768887936     1        1.709805            
24708.459600000002   -7451.256282624001   1        1.439871            
-14201.179762176     15672.244097664001   1        0.79258             
13772.434427135999   16540.3548288        1        1.998327            
4368.7574092800005   8475.502349952001    1        29.154176           
-11575.930924799999  26525.72279808       1        0.582603            
-20771.704838016     -3111.581328768      1        0.473839            
20964.470452992      -19669.251089664     1        1.714383            
6297.4451485439995   -6154.332624000001   1        0.389119            
-3518.0629989120002  24187.640476032      1        1.1453              
10955.734808832001   2045.7594685440001   1        13.982707           
21612.181523328003   -7593.457918464001   1        0.878271            
-9452.712120192002   -10614.289948416     1        35.834329           
-15379.465799808     8717.80840128        1        0.241308            
-9907.667231616      7872.650134272       1        0.604525            
-22124.780118144     12177.395885952      1        2.205303            
-22207.204280448     -11463.56652672      1        0.856051            
574.0835823360001    -1206.26770176       1        1.199562            
-17521.674863616     -11032.706513664001  1        0.427104            
-24763.355933184     18830.309718528      1        10.980097           
-22161.458677248003  -4993.395314688      1        0.274501            
8112.970255104       -5590.569764736      1        2.03877             
-2473.822441728      -10115.966234880001  1        1.849223            
17304.835071744      11124.728803584001   1        0.476301            
-14518.228576896001  5117.734841472001    1        36.423615           
6620.417958528001    -12321.401596416     1        59.1253             
9107.829700992       -6684.918856704      1        1.364315            
2528.192519424       13439.757272832      1        1.012204            
-22343.533420032     24602.492344320002   1        1.258543            
19160.246160000002   -30217.033287936003  1        37.163793           
20163.458101248      -10207.177415424     1        1.28063             
-16411.138989696003  -13979.569874688003  1        2.245493            
10162.58893056       -7805.04481152       1        0.952554            
7636.155424128001    20603.874398976      1        0.424309            
29560.042740096      -1270.50466752       1        20.889364           
-16665.872395392     -20660.3961696       1        33.731879           
-26637.7009536       -13555.708898687999  1        48.109635           
-9221.547557376001   588.1927011839999    1        2.084082            
20777.997373056      -11533.059609984     1        1.815328            
4983.822936576001    -3420.166603392      1        0.56828             
-25985.398424832005  6835.707952128001    1        0.625536            
27131.673000960003   -15715.741447296     1        1.887434            
-12650.303229696001  -11434.466368512001  1        1.762176            
26860.28932224       -27022.612586112     1        1.455993            
-30505.319906688004  -25829.771641344003  1        7.223165            
27715.258150272002   15152.780041344002   1        46.941035           
-10193.032891008     6039.386838144001    1        1.186666            
-1878.653234304      -17097.459831935997  1        1.318631            
-24041.996453376003  -3632.59518336       1        2.210283            
-28033.496270208     9867.911606784       1        1.02882             
16024.534327296      -9418.228706304      1        1.035909            
-9419.615960832      -9124.275587328      1        0.901457            
-12556.547676288     -4955.208800256      1        0.583453            
-27700.093301759996  22363.71781248       1        1.696885            
-22988.492512128003  -12473.066174976     1        1.224629            
10937.856606336001   7867.162271232       1        1.397138            
-31310.308947456004  3224.3561095679997   1        0.890983            
20898.4986144        6365.869627392       1        1.333434            
15648.670426752      -2517.54509952       1        1.62807             
-22172.604993792003  -5807.924546688      1        0.845721            
20575.549944576003   -25321.888424448     1        1.924111            
-18585.166393728     -26815.419202176     1        1.923122            
-29394.373650048     3340.616729472       1        1.588086            
-2927.570545152      1092.899073024       1        0.43752             
-29273.21901504      16574.572700927998   1        1.173567            
9182.746273536       27375.404931072      1        0.294177            
28097.186059008      11245.576053888      1        1.098241            
6450.181550208001    -23364.240539904     1        2.255795            
11379.174136704001   24104.723854464      1        0.873172            
-27487.180309248     19715.926893696      1        0.653523            
5258.697282432       -170.791632          1        0.412427            
-28743.561373824     23819.416131456      1        0.316872            
28111.431972096      6905.621074176001    1        0.614026            
-22274.152990848     -27112.259484288     1        0.336516            
16570.869600384      -23191.260200064     1        2.018262            
-24453.471917952     31646.154900096      1        1.138816            
-29313.043841664     -8885.939787648002   1        1.182946            
8210.762043264001    10035.835387776      1        18.279496           
-4889.9997907199995  -16120.216265472001  1        1.5887              
11924.592083712001   -25295.70117888      1        49.811739           
15998.35995648       402.84455270399997   1        0.566039            
28461.070002816      28295.248025088003   1        0.634647            
5126.394721536       10977.111725184      1        2.149713            
-6122.881214208      7394.792448384       1        1.086185            
-29771.420418432004  -28658.726414208002  1        20.911956           
-2426.630038272      24548.37815232       1        1.579839            
30802.404809088002   18174.704815872003   1        0.341479            
-17589.350997504     23212.355481216      1        32.366993           
-32128.993505664     10495.109978496      1        0.30423             
-27579.072242304002  2579.532202368       1        1.071896            
11010.835528704      -3261.202040448      1        0.963224            
-31312.434890880002  1303.967757312       1        1.040657            
-12698.62539264      25770.306380544      1        0.683571            
-2188.207334016      -8260.83517248       1        1.444968            
-15666.992808192     -31425.393136896004  1        1.797491            
-14369.26125888      5602.078183680001    1        0.955523            
5746.9271904         5734.88929728        1        0.473392            
-24117.370079616     2415.8651362560004   1        0.282611            
13986.692831232      -18509.89415616      1        1.750566            
28216.654101504002   -7380.96657408       1        0.269942            
-19664.30879424      26760.851175168      1        1.424018            
5812.8958103039995   6085.418904576       1        1.745361            
6732.655218432       25371.811884672003   1        1.697534            
-31910.109846912004  15308.805942144001   1        0.47804             
-1981.4854878720002  16548.303378816      1        1.508661            
-7584.952535424      6207.962403456       1        0.506845            
21428.360642304      -11761.333790976001  1        0.49486             
-4653.2009145600005  -20475.540480384     1        1.129723            
18234.693113472      25969.774913279998   1        0.477039            
-12689.212339584     9771.27693696        1        0.778643            
23204.303933184      16099.777596672      1        0.718776            
29640.154275072      -24616.141190784     1        13.154816           
14989.357595520001   -24604.8178464       1        1.60584             
-23463.451769472     -6142.00504896       1        0.232212            
5096.319300864       -25763.613118848     1        1.891662            
-15839.435627136001  684.474924672        1        0.347775            
17032.74971904       -15800.682623616001  1        1.845948            
-8274.809106432      30760.745330304002   1        2.252185            
-3207.8442401280004  11544.799774464002   1        0.717596            
2385.446925312       2168.425277568       1        1.674073            
12952.932322176      -18215.944255872     1        1.113418            
-10394.054440704002  31348.654786944004   1        56.852574           
-25577.428111488     14868.989929728      1        1.045028            
11105.796480768      13757.008864896      1        0.657212            
-17085.793697279998  19049.402592000002   1        1.004687            
31525.821030528      20904.8152896        1        1.084189            
23635.262116224      -17332.32105792      1        26.362725           
12663.210168575999   -25737.870052224     1        0.546395            
21146.984546688      -2326.910256         1        1.819997            
10486.567580544      592.731051264        1        1.722122            
830.6275000320001    -24434.143696512     1        0.626272            
-20401.954835328     -17526.893966208     1        2.135426            
-22197.797664768     839.372675328        1        32.556909           
-20837.623568256     -6721.928940672      1        25.374087           
-22800.242716416004  1270.91505024        1        0.672623            
955.168194816        15669.825253632      1        0.383132            
3803.5316563200004   8161.487148672       1        32.290357           
6257.011989888       -13565.818797696     1        0.553703            
-20982.606150528     18113.78631744       1        0.621086            
25071.735211776002   9374.950227456       1        0.541484            
23748.989628672      28096.197921792      1        2.145442            
-9171.410054400001   24571.60903296       1        0.96409             
-1156.067434368      -2795.506167168      1        0.353757            
-20680.089712128     -22505.810012928003  1        1.893678            
29586.716007552004   -27808.299154944     1        1.814411            
19788.701429376      -11713.265904384     1        30.217883           
-4828.052921472      4634.913938688001    1        0.770721            
-27478.219481856     22414.611707136002   1        0.739345            
21174.4608768        -24696.67920192      1        0.656151            
-7564.019798016001   733.971908736        1        0.377203            
-31878.742123008     -15980.052059136     1        0.710315            
15402.696680448002   -11148.9719616       1        1.022353            
14308.014454271999   -3510.0597312        1        2.026861            
16348.809096576      23727.554775936      1        1.487067            
-8362.56985344       29465.06891328       1        1.94002             
-13486.590792576     28757.845911168      1        2.000474            
-2604.50600256       13328.09615808       1        1.595077            
-5510.718943488      5187.361500288       1        2.255746            
40.108071168         2229.6398952960003   1        1.31651             
7732.440866304       -14652.972512639999  1        1.864902            
-13659.324902784     -29299.882626431998  1        0.425969            
22393.123746048      845.8567223040001    1        0.69157             
-26859.672943488004  2392.880485248       1        1.774462            
-16234.249553280002  -1883.722667904      1        0.998892            
-14588.989823232     15991.203203711999   1        0.548735            
6592.038786432001    -25281.577575936     1        1.75856             
-9767.251967616001   -3706.48821312       1        1.147028            
9292.511581056       19199.618760960002   1        1.605442            
15464.963809152003   584.533052928        1        50.33898            
-30280.969306368002  20868.923699712      1        1.54387             
-24663.150129024     -4909.838174208      1        0.330122            
2542.438432512       -3668.493210624      1        0.610177            
-13739.59737216      6355.083803904001    1        0.768645            
-4831.2780468480005  -8272.964798208      1        1.351185            
-14440.254250752001  -15871.324778496     1        59.161123           
-6508.817998848001   -17761.254686208     1        0.878523            
14132.826094464      8511.371409024       1        1.305028            
20664.65288448       10993.145619456      1        0.534113            
-25387.768530432     -26890.247260800003  1        1.551942            
1408.213014912       -29038.504239360005  1        2.198857            
-11695.764288384     -4920.54513984       1        0.670964            
15499.835074944      -17312.574407040003  1        1.056459            
-23250.98939328      993.8519965439999    1        1.239155            
-16932.405511296     -16359.6254976       1        2.090579            
777.2906211840001    20795.928683904      1        14.421695           
-28942.495604352     10074.88772928       1        2.197431            
11221.191273600001   15252.554541312002   1        47.325633           
4036.4198265600003   -28884.446566272003  1        1.981268            
-13329.530083584     23800.968221184      1        1.820614            
-12982.706795520002  -4600.6155993600005  1        1.34584             
-23804.872489728     6979.092455808       1        1.35431             
26103.662678016      29005.247145600002   1        0.402153            
18745.421650559998   -25841.71136448      1        1.074255            
25439.306162688      15473.189166336      1        5.162954            
-25891.047414144003  10089.392746752      1        1.671013            
13185.400453632      30211.950979584002   1        1.598085            
-18396.31470336      15818.240566656      1        1.295572            
12997.469308032      23042.558423808      1        1.533088            
-26602.811985024004  31213.872226944      1        39.873017           
-26669.491934976     13269.282681600002   1        1.997708            
2893.542575616       -5462.844178176      1        1.191435            
27042.381767807998   498.34946304         1        2.080644            
-7715.199964032      15134.267757312      1        56.175247           
23072.944447872      26084.316753792      1        0.578556            
20840.074599168      -27549.938287872003  1        0.611815            
11773.933345152      -18060.454266624     1        1.071363            
-4730.47356672       -10591.75269504      1        1.31254             
20285.765026560002   -18328.562930304     1        11.019718           
4762.320875136001    -2461.963185792      1        1.040072            
2477.849020416       21378.081517055998   1        1.457299            
3214.0080276480003   -30249.550083456004  1        0.762023            
17925.880921344      16448.544972288      1        1.566551            
20.562588288         -4016.3416508160003  1        0.459824            
-2602.289935872      825.3102274559999    1        45.466362           
-20640.182808960002  -6283.567775232      1        1.89529             
12559.545884160001   -2030.522199552      1        1.594446            
23010.025534848002   -4342.396354560001   1        1.406679            
-11541.293013888002  -18104.123816064     1        0.834689            
15329.17058112       -26397.952149888     1        2.073533            
-8087.932081152      -4305.6421562880005  1        1.722187            
-19311.756241536     -20589.136026624     1        2.220826            
-3262.162818816      -30396.610328832005  1        1.761936            
-1502.211579264      7185.460246272       1        46.233778           
-21900.851165952     29738.498068224002   1        16.146884           
6382.037097216       -29369.509285248     1        2.196179            
16666.804205568      -4832.480226816      1        10.032266           
25758.10594368       2976.0938760960003   1        0.405179            
-15573.586482432002  617.8706138880001    1        0.642769            
-29953.630346112     17623.642899456      1        13.67168            
-28161.031954176     5672.018664576       1        1.374825            
9523.378415232       -24778.791151488     1        2.231977            
16627.660131456      -21313.355310720002  1        1.325819            
28931.033856384      -9423.885550464      1        0.203803            
24089.995138176      -32055.280722432     1        2.036267            
-13368.40217856      -22688.737708032004  1        1.817109            
-25675.929620352003  -26774.765563392     1        0.733662            
-28163.877274368002  3021.210225792       1        0.421684            
-10991.310967296     30026.260040832003   1        1.636081            
-23765.200550784     28927.60434432       1        10.733933           
1991.3234077440002   8014.6666955519995   1        0.375163            
1385.3345806080001   13006.554054912001   1        22.597388           
-17052.679835135998  654.937024896        1        10.241959           
-19737.401980032002  -11035.32008832      1        0.604716            
9309.95847936        26582.193069696      1        0.704244            
-27073.844443008     -10107.470507904     1        1.913218            
-8074.877082624001   31846.469947776      1        56.096146           
7115.2751450880005   3367.434837888       1        0.735961            
-4672.976533632      29600.965139328004   1        1.529984            
-20229.653638656     20879.461684224      1        1.608364            
-23220.442434816     4552.064909568       1        2.231301            
4076.9608112640003   -11116.075360896     1        2.083574            
19262.336505984      -21337.614562176     1        1.418684            
10208.939647104      12118.423084416001   1        1.870023            
-21432.86519616      31380.162523776      1        1.935538            
-1138.195669248      -2604.435191424      1        2.053253            
-25949.313713664     21435.961574016      1        0.817148            
3135.531586176       -4110.977515392      1        1.62586             
-15576.793905024002  -23577.716802816     1        0.34223             
7584.8978177280005   -3964.462837632      1        1.540663            
28235.290305024      -4926.119907456      1        1.212539            
-15683.688142848001  -3312.89899776       1        1.404779            
11530.610188416      576.743827968        1        1.412411            
-3534.9595015679997  17182.251339264      1        0.299818            
-22687.133192064     -18682.124541696     1        43.157426           
20049.703229952003   22896.570001536      1        0.755298            
18856.226594304      -28835.883001728     1        0.988608            
8594.157673728001    -3790.444470912      1        2.447669            
-17315.0125632       -11920.036030848001  1        1.596753            
3035.31129792        -29111.330274048     1        1.729669            
-11605.689304704     23543.309028096002   1        0.905904            
15964.449469055999   24258.081462912      1        39.009286           
-3222.7548122880003  -25620.774182784     1        46.067486           
22987.29837888       -638.980379136       1        1.613419            
6128.604041472       6266.425042944       1        2.253798            
8846.971132032       -7388.477382528001   1        1.080071            
-20867.793940224     -18586.640552832003  1        1.62056             
6556.414347647999    17360.437906944      1        14.771411           
-13287.102947712001  25077.6833472        1        15.942362           
-14638.065159168002  15406.575199488001   1        28.291852           
7213.0604958720005   12597.967362816      1        1.36874             
31563.671192064      16675.645941504      1        1.745244            
-29738.716939007998  -4148.158189824      1        1.590934            
-4541.580033408      -31911.868859904     1        1.665035            
-1523.253752064      17502.069835008002   1        49.679751           
20705.496425856003   -1745.2547101440002  1        0.624221            
17067.635468928      19055.117372544002   1        0.449406            
29422.297377791998   8134.229689344001    1        1.144129            
4010.877927936       -31016.635854336     1        1.521539            
23675.677572096003   26365.72986432       1        0.47113             
-25673.235578496002  -20581.663842432     1        33.373351           
32005.368527616      -2826.492476544      1        0.212527            
21447.684035712      24277.897315584      1        17.350319           
-2912.819298048      -6170.731839360001   1        1.059585            
10979.823469824001   26181.387555840003   1        2.20486             
6174.888774912       12945.254141952      1        2.419278            
1458.04957056        -963.778185216       1        1.510189            
7806.726576000001    -14111.748516096     1        2.173847            
27878.360336640002   -8509.255121664      1        0.38112             
-7939.73081088       21903.504974208      1        36.626808           
14229.956442240002   658.249054848        1        1.61782             
29684.654246015998   -4750.625772288      1        0.378191            
12469.890939264      -20809.328082048003  1        0.87287             
-12461.997106944     -25533.78753024      1        0.373015            
-12496.523973120002  31675.401508608003   1        1.597003            
-9800.652292992001   -6446.415685248      1        1.72437             
-26069.303183616     13821.284454912002   1        30.300486           
23670.514796544      8675.695087488       1        1.242027            
9628.732510848       -7597.64865024       1        1.325622            
20094.990170112      -24232.563704448     1        18.343486           
3472.4751114240003   6539.435768448001    1        1.515574            
16846.851174912      18454.690438272      1        1.218586            
-9363.725053056001   21083.948151552002   1        0.373105            
23558.948633088      5141.900750976       1        1.133186            
1857.5434690559998   -4184.0352956159995  1        1.284108            
-31462.663934592     -7754.773732992      1        1.655387            
-3516.2653616639996  -7041.655703808      1        1.680256            
7948.575765504       7485.33253248        1        1.045918            
-17747.786086272     -17678.003321088003  1        0.549786            
-23855.016430080002  29455.985775744004   1        1.712223            
-3624.255562752      -24508.175129856     1        0.92625             
-22825.95359616      28518.473693952      1        2.094664            
-14934.158705664     7047.172535040001    1        2.027933            
31317.340171392003   4413.785245055999    1        33.067728           
-10401.819525504     -5940.06456384       1        27.846844           
-18358.583633280003  -3969.154075392      1        0.483348            
10597.604269824      -6939.866305152      1        28.775763           
5966.6219585280005   -9476.145778176      1        1.061207            
-15845.782879872002  23809.145298048      1        1.970693            
-30158.919876096003  -7911.066784895999   1        1.436714            
16176.82011264       6169.5071285760005   1        0.672294            
25881.262602624      -26378.607835008     1        8.819366            
-1303.808432256      24903.76958784       1        1.1302              
-24702.828505344     -19262.996337024     1        2.203177            
5826.151976832       -18772.399084032     1        0.728364            
-12868.720178688001  -18491.605570944     1        1.443661            
8000.142365952001    -6503.716378368001   1        0.203241            
1342.405329408       26488.873648512003   1        0.874036            
22360.283472384      -20338.458167808     1        17.087073           
22392.82279872       -22075.86249792      1        2.084047            
-23369.326066944002  27781.442422272      1        31.468076           
-26232.110860032     18407.662187904      1        0.399441            
-25446.161968128003  -25656.817051007998  1        2.006684            
24208.4766528        -23217.000048        1        0.382865            
3285.3550751999996   14148.027957888      1        1.542046            
13628.43998208       -5041.183175424      1        0.255781            
14995.170546048      4698.623039616001    1        0.500276            
17558.147426688      28061.526214655998   1        0.415661            
-28862.84434176      -12642.808514688     1        0.99644             
-25490.381913216     20763.21715776       1        1.237375            
-4387.338895104001   15387.716906496      1        0.556811            
-17837.63093376      13541.36642496       1        1.341432            
6723.87141888        15955.561062144003   1        12.115143           
-13218.577080191999  -9889.663500288001   1        0.758981            
-30624.438721536     -22700.936535552002  1        1.65541             
-12207.580742016     -10118.348064        1        1.461049            
-25112.736468864     -11450.0399904       1        13.888723           
2700.496934784       -23771.631489408002  1        1.487801            
-24791.257130112     -23611.373013888     1        1.037464            
-5290.512403968      19664.99276544       1        0.515837            
8921.997139968002    14034.747843072002   1        1.013771            
26940.875613696      -8920.709664768001   1        30.945432           
-14449.570743168002  -4209.892625664      1        1.027621            
31197.732115968003   25322.638378752      1        59.854743           
21065.825328767998   19390.152215808      1        0.641002            
23522.223403008      -26895.813981696003  1        1.733731            
22879.462674816      -6208.919963136001   1        2.127782            
2764.275237504       27939.747154176      1        1.642861            
-2484.857713536      14329.652084352001   1        0.460807            
27254.831269248      -14060.970494207999  1        0.577758            
5319.945696384       -5441.629805568      1        1.31178             
-13199.158735488001  14292.320131584002   1        0.964017            
-27277.75315584      -21122.442050688     1        1.035406            
16676.214039936      -20931.044378112     1        0.574184            
-27987.639622272003  -13404.604371840001  1        1.557485            
-9055.353821184      17331.812505216      1        45.327027           
25436.433483648      -20031.015527424     1        5.763003            
19091.3662368        18120.856165632      1        1.683777            
-24078.65891904      28795.124755584002   1        1.981064            
23497.582737024      12190.755050496      1        2.019183            
-3454.757843328      -16482.685595904     1        1.14531             
8866.82560896        19446.4679904        1        1.19077             
-13191.105578112001  -15997.70012544      1        0.542882            
28385.875013760004   10066.280957568      1        1.338167            
-21073.400510976004  -7695.340659072001   1        1.882438            
13391.60087232       -24249.154431744002  1        1.322972            
6486.232465151999    16870.292879616      1        1.685678            
26995.033257984      28868.600965248      1        1.481127            
-4819.014845568      -30219.109341696003  1        2.206514            
-26788.22289792      5632.362819072       1        1.838296            
-8016.636532608      -30690.627821568     1        1.267957            
11673.719494272002   -23152.660084224     1        1.12893             
-10832.891971968     -29200.069502208004  1        24.765315           
29027.422296576002   17807.544247679998   1        1.791908            
-18128.780575488     662.323913856        1        1.258697            
-31371.579892224003  -24705.28919232      1        0.682566            
-5639.357028096      21424.620526848      1        2.213357            
13283.341910784      -25316.989581312002  1        25.615579           
5562.821455488       -6439.859217792      1        0.697064            
-31441.697400959998  -24679.306333440003  1        1.657018            
-17661.49627968      -3137.195647872      1        1.541193            
-24795.859853952     -24244.490552832     1        0.292512            
-27673.589015424004  -23005.545121152     1        57.828465           
-26050.599387648     3352.8219943679997   1        1.742615            
2808.384137856       24026.601468672      1        56.37792            
-24975.543111552     596.239421184        1        1.469684            
-28141.159774464     -3976.579588608      1        1.661856            
14105.658758399999   -20373.271497216     1        25.182619           
27295.658717184004   -24064.366334976003  1        33.367803           
-3109.065924096      -9611.4449376        1        0.867666            
31257.21829824       -21828.548168064     1        0.557394            
-10074.116853504     28198.492654464      1        0.721485            
5642.857351296       12120.108067584      1        1.917547            
15101.948911103998   -2797.89282432       1        2.161564            
30869.013947904      -30930.362141184     1        36.239476           
27080.233538688      18850.344441984      1        2.102655            
2.4268907520000003   31940.933612544002   1        2.067293            
-8996.25710016       21145.529699712      1        21.237674           
27921.065889024      -21294.112384512002  1        1.650184            
16382.623023360002   -20872.779687936003  1        10.652942           
-6563.860782336      -30189.146575104005  1        1.201781            
13289.243375232      16785.937504512      1        1.952267            
-16567.473884544     10808.854809984      1        51.653825           
9995.996077056       -15089.051628288     1        43.833502           
-15192.814082688     -17951.498459136     1        0.90187             
-12751.365204864001  31030.918782336      1        1.12899             
26623.619193600003   16525.515067776      1        0.326004            
-20386.097968896     -7623.811755648001   1        40.318261           
8155.683854208001    11565.50237568       1        1.272498            
-29711.200375296004  -6608.262583296      1        2.052277            
-29599.056457344002  -10592.721520128     1        1.2087              
-9571.126042368      1949.031456768       1        1.118385            
11830.511442816      -20114.862349824     1        0.730234            
-6528.781911168001   -5473.068340608      1        2.090089            
26769.226201344      13619.74147776       1        0.832312            
-2945.048020992      -19943.855065728003  1        0.947193            
-26295.121505664     15890.83968384       1        0.506773            
-795.5663316480001   21243.778541568      1        1.864355            
-7173.853657344001   17895.754001664      1        0.595326            
31938.447176064      19251.618274944      1        0.523028            
-8112.257315712      -22810.011434496002  1        0.83649             
21985.727968512      29757.893882112      1        1.210476            
13888.81574784       -20732.835961728     1        45.728411           
-28376.989825536     26092.085057279997   1        7.037404            
-2423.461239936      16987.594745088      1        0.317526            
-3894.9649263359997  -22863.876178176     1        0.848576            
-8402.085686016      -19459.587362688002  1        0.208765            
1965.1780051200003   13082.986629504001   1        0.704589            
-30590.702043264002  12023.80331328       1        0.44851             
-919.403743104       8495.326249344       1        37.109116           
-24146.228836224     5530.734354816       1        1.046033            
10175.426667648      -16571.934986112003  1        1.194224            
-24789.551225472     -5743.9257638399995  1        0.504229            
13939.444100736      12857.41936512       1        36.446151           
16869.724781184      -12472.625214720001  1        0.723429            
-4730.282054784      -21780.647653248     1        1.793366            
-20845.119892608003  -3876.2434275840005  1        6.050142            
11717.411574528      21743.386511616      1        1.458009            
-25092.22377024      17102.146241664      1        0.887904            
14550.48948672       -1626.106927104      1        40.271397           
-20259.313848576003  22532.961255552003   1        2.056767            
26488.995958656003   10174.374156672      1        24.898574           
-29223.776748671997  -8074.968815232      1        2.04935             
-18535.477897728     26919.020722176003   1        1.675968            
356.978248704        2419.333272576       1        18.74742            
-20990.438827776     7682.696043264001    1        1.061321            
16365.092439168      4960.435949568       1        2.253922            
2134.460072448       -17881.215187968002  1        1.700178            
23045.22671616       24963.147944064      1        0.563572            
-695.535945984       -23442.451439616     1        41.151494           
-3667.5436976640003  -24846.312788352003  1        0.256399            
-13491.663444864     4970.222370432       1        54.821945           
31277.454189696004   2990.04849792        1        17.030108           
26416.533635712003   -16838.567881344003  1        0.359094            
1345.152479616       -31932.159469056     1        50.046771           
-27659.00674944      5617.848145536       1        1.193781            
18460.551669120003   -29.312591616000002  1        1.865295            
-15859.265963904     1163.2595927040002   1        0.46281             
16754.262395904      -9624.3196896        1        0.246457            
30029.66702208       4836.294372096       1        1.001632            
-27655.553097215998  22940.754541056      1        0.384447            
10710.099024768      9756.195774336       1        48.799358           
31965.199301376      7040.484101376001    1        0.831096            
-21105.262303488     28191.145999104      1        1.558859            
7035.557899392       31867.273937664002   1        52.390052           
4157.819081856001    20512.827371519998   1        4.54175             
-11289.425849856     -24792.678180864     1        1.01077             
7436.168682624       -13683.21400512      1        1.830243            
-6183.450484992      -3924.774805248      1        2.101198            
7501.6544993279995   -17358.091483392003  1        0.977825            
7821.888205824001    -20763.561557376     1        1.591553            
-16738.600260096     -17041.210040448     1        4.039493            
21429.144392832      -22972.57288128      1        0.256346            
-26655.186476159997  -22400.190375552     1        0.575248            
-20802.430433664     -7583.42204928       1        44.203803           
7293.25732608        25848.745807104      1        1.892588            
9621.595070208       -13164.432310656     1        22.830708           
-20369.801751552     -784.561637376       1        1.897348            
15025.348964736      20459.7109728        1        1.15769             
-5114.0156474880005  -26629.346848896     1        1.378195            
13523.134166784      26731.536974208      1        1.958745            
834.3563500800001    197.761018752        1        1.335626            
6882.469051392       -17057.657536128     1        1.067029            
-2582.12002752       -16357.576802688001  1        0.727054            
10659.525389568002   6365.8149096960005   1        1.754328            
-6884.326234368      22964.683876992003   1        1.899801            
22617.14121216       30274.066829952004   1        0.218153            
28496.184279552      -20088.78132096      1        2.019415            
-19289.198066688     -20892.466793088002  1        0.448588            
-32166.515361023998  26818.81652736       1        25.694629           
4231.939029120001    -15504.996241152001  1        0.840412            
2867.9330845440004   -27662.193250560005  1        1.834514            
-28205.720218368002  -28034.727418368002  1        1.296797            
-8099.800993152      -18688.022787456     1        46.21753            
1669.5479496960002   5558.9960448         1        2.131984            
-6049.614219264001   -21400.229309184     1        1.002536            
-11410.56278208      27667.838829312004   1        0.355332            
-4637.844554112      -3908.9726565120004  1        0.653543            
-5892.738584832      -3186.262937088      1        2.246738            
-4441.998654720001   -11412.621133056     1        1.854279            
-21452.848420608003  -26766.182931839998  1        9.552449            
2099.68697664        28337.696082432      1        0.469513            
23475.817968768      31955.016981888002   1        1.675644            
-2227.674886272      26466.687232128003   1        2.066422            
19014.220722816      -20074.38573888      1        1.398819            
16547.662859904      -11504.133260928     1        1.605173            
-13396.985737343999  -1698.591780864      1        0.674104            
-10334.099939328002  -29776.81493952      1        1.473488            
10614.86287488       2208.8503895040003   1        0.38673             
4870.6232889600005   27040.973591808004   1        1.108138            
-7955.895062016      9598.227395328       1        0.304441            
16313.699647872001   -7174.825701120001   1        37.208969           
20525.059995264      16817.833093248002   1        0.740732            
-21659.375536128002  -734.2680280320001   1        0.858082            
-396.98332185600003  5667.576875136       1        0.669026            
26065.398915072      -5610.540114432      1        54.777498           
-4491.5262163200005  -2995.9950240000003  1        2.26981             
24114.50705664       -15729.153720192     1        7.496997            
25650.357144192      24864.192600192      1        2.210755            
32033.797589376      8004.857743872       1        1.646887            
-25967.10340224      -26558.546978304     1        1.620119            
15275.991417984      -31134.608816256     1        34.838672           
-10642.34242368      22150.708259328      1        0.725726            
-29739.222273024     14495.852257920002   1        17.649745           
28441.295993088002   -27833.730008832     1        18.135983           
-7832.630577024001   26124.938205696002   1        0.221022            
22915.463700096      28113.535384704002   1        1.821299            
9201.709173888       15724.932410880001   1        2.223706            
12424.4977824        8916.462605952       1        1.213538            
-29922.956249472     30342.533151744      1        1.136416            
8818.265263104       -17572.137454080002  1        5.114152            
-16559.924451839997  27495.5617728        1        40.244827           
7459.692463872       3113.974423296       1        1.662723            
4731.960600576       -16176.554570880002  1        0.395467            
-31643.431890048003  -22189.475746944     1        0.583729            
-25655.527966464     -13400.640557568     1        1.817119            
139.07789913599998   20315.298098304      1        0.795485            
17658.065158272002   -10679.891637888     1        0.787565            
8939.888217216001    25092.008118144      1        1.819617            
-18650.084112        -16819.484280192002  1        0.479634            
-31798.957284864002  -2114.201650176      1        1.795244            
6525.886701312001    -27713.734101504     1        54.55239            
-14423.463964800001  -15422.094103680001  1        1.649311            
14689.911785472      -13754.535303167999  1        25.725012           
-532.13764032        2760.087724416       1        0.729113            
21388.522940928      27295.246725120003   1        1.718608            
26945.195092992002   -5792.898101760001   1        1.299929            
-13223.232912383999  -9850.952339712001   1        1.006848            
28487.41657344       -6960.575343744001   1        0.312231            
19233.022305024002   -21127.165475328     1        0.796081            
26374.610224512002   -16231.302844415999  1        1.445134            
2540.8564473600004   20524.789625472      1        26.752668           
28985.204375424      -20511.924529536     1        1.5408              
4814.490979584       4095.881868672       1        2.12246             
-15159.193277183998  21328.069542912002   1        0.592909            
-1395.3414816000002  -31307.34131712      1        0.58156             
19178.86627008       -32153.441050368     1        1.328523            
19635.250478976002   -16047.502884864     1        1.765216            
15910.118015616      26935.749853056      1        1.843941            
12000.182971392      20755.382871168      1        0.455724            
16755.242486400002   28252.688923007998   1        1.301696            
28959.168408192      23972.871909888      1        1.441771            
-25388.508828672002  17932.263579648003   1        1.558691            
17434.591650432      21072.872646144      1        0.574703            
115.629757056        -31625.215725312002  1        0.208592            
-18012.318787583998  19167.277383935998   1        0.337528            
-21520.468227456     -208.64340288000002  1        0.220384            
28940.987649024002   27098.889054336      1        24.877347           
863.825048064        -3883.0750928640005  1        1.118554            
-19340.02597824      20017.516349952      1        2.049529            
-19118.23423488      -15257.780081280001  1        1.815576            
-22842.285219072     20794.243700736002   1        0.320512            
-29318.052120192002  15356.29607424       1        1.201165            
-26291.510137728004  16705.232121600002   1        2.251641            
24133.852980864      27670.502293632002   1        1.734487            
9897.295009536       18449.271777024      1        1.851069            
-10835.837071488     411.82630156799996   1        1.562025            
-9592.633315584      24214.39903872       1        6.437362            
19707.17367168       7238.058436224       1        1.045852            
44.807355648         28359.742485888      1        1.699775            
10831.141005696      10074.567469824      1        0.225257            
-23149.526691456     269.314062336        1        23.721934           
-17607.94535808      2492.144823168       1        3.759049            
2151.337262976       -28426.861786752     1        34.029744           
-26641.291400064005  30010.512609792      1        1.605393            
29560.025037312      -15888.56246208      1        0.390611            
2044.6168343040001   -9573.280953984      1        1.063501            
29545.788780288003   -28937.897708544002  1        2.137946            
-7821.030425472      -9311.303890944      1        0.586682            
-25308.979876224003  -4324.804615296      1        0.807271            
29586.415060224004   -30968.46979776      1        1.524878            
-28642.154999039998  -8258.118599808      1        1.458755            
3957.759919872       -5846.77893888       1        1.413816            
14396.602404096      7891.089997824       1        0.922768            
23139.978453503998   17912.34472896       1        46.127029           
13812.901382016      11053.816278912      1        19.495516           
27564.179372928      13543.822283904      1        1.168653            
1182.661843968       1568.4843651840001   1        0.538766            
-13882.251233664     11610.62838144       1        30.453734           
4357.825135488       -21132.613104768003  1        1.636421            
16263.999886464      18657.32616          1        0.207444            
21651.080977152      5948.925611904       1        2.075638            
31162.101239808002   29877.456875904      1        1.822005            
19034.482363776002   20334.468604032      1        1.622827            
-25420.217733504003  -16303.987256831999  1        29.214884           
-3982.3844924160003  -23235.185635200003  1        1.974803            
-14510.622817152     15660.318858624001   1        1.397866            
-3057.9145344        4799.9312444160005   1        1.789059            
-6965.0300079359995  -22810.156275456     1        29.849513           
20739.260462976003   -11219.486978304001  1        52.255027           
9696.905932032       -4530.11828544       1        46.124503           
14662.546500096001   -20724.07791168      1        2.113065            
19997.872697088      -22756.63110336      1        0.420343            
-22540.575062016     5635.2210140160005   1        1.154919            
-11761.274245248002  -12804.764848128001  1        0.254639            
-24399.581424768     1555.661112192       1        2.003823            
32011.266773376003   26163.192312576      1        2.146193            
-22887.948745728     -19896.541961472     1        1.692702            
-10656.438667776     -13730.988991103999  1        54.646705           
-28294.742691072     -19927.681158528     1        0.753335            
15477.943168512      30797.07466176       1        0.575541            
5175.315560448       -25669.10117376      1        0.889243            
7841.8102752         10696.838030208      1        0.428863            
7421.528480256001    -12599.019873792002  1        2.15311             
24281.442700416002   -11668.405440384     1        1.938342            
-16425.613429632     -26860.585441536005  1        1.373319            
-26621.893976832     -29789.651067264003  1        1.271129            
21467.849116032      20736.793338624      1        1.847059            
-2080.2300076799997  17607.238856064      1        0.584019            
885.6220032          -12896.988306047999  1        1.666826            
-7491.116514816001   -24984.309208320003  1        1.752931            
-10766.709309312     14549.039467776001   1        1.830582            
6552.568015487999    -7321.4127993600005  1        40.738251           
9311.85750528        -107.63292672        1        1.785771            
31359.865477248      -6980.3236039680005  1        0.264643            
-22194.152500608     -6262.675271424      1        1.554907            
7848.308806272       4415.8033624320005   1        0.366053            
-6079.662281088      6989.950699776       1        2.152796            
-1381.916333952      18671.562417024      1        0.398767            
4809.14634816        13737.083576832001   1        0.433121            
-11319.901997184     -10368.172970496002  1        1.907412            
5154.18165504        8877.12541056        1        0.797753            
11674.974782592      -6613.866319104      1        0.698511            
-28243.683033983998  -16923.278921472     1        38.507028           
28841.272694784002   -32038.136380800002  1        0.465648            
8249.074086528       -24358.876286976     1        1.205442            
24219.837012096003   7746.887947392       1        1.84029             
31055.290687872      3330.281522304       1        1.358698            
-7963.706817792001   -4875.448102272      1        8.961605            
8484.336039168       11587.556825856      1        2.092009            
-27407.271551616002  30244.783206528      1        1.859956            
-29997.14217984      16698.342519936      1        1.054395            
31522.129195392004   -714.3878016000001   1        21.448913           
7769.492793216001    -10817.926682112     1        1.887089            
18562.107712896      -7565.497175808      1        1.729879            
23059.17972864       6959.889763200001    1        1.084339            
8886.134518272002    19181.141882496002   1        0.830313            
28452.40529472       -1772.140411008      1        0.209128            
-8129.7685877760005  -23935.898840832     1        1.6493              
-6849.141146496      -12893.341532544002  1        0.223217            
24167.031216768002   -12517.939513728     1        19.536182           
23460.368266368      -13846.745886335999  1        0.32643             
3824.5255488000003   7788.539379456       1        20.881815           
31180.18704768       26245.941562368      1        1.924849            
-12826.2302784       -5529.417911424      1        13.211555           
9373.648268160001    -28459.86460416      1        0.322193            
13208.526726912      -13362.264140543999  1        1.881556            
11824.455481343999   -15747.29424576      1        0.908792            
23143.004020223998   18652.758841728002   1        1.190759            
26775.943603199998   8627.268317184       1        1.30014             
28808.324595072005   -12560.694955776     1        1.069057            
22413.734614656      28256.448350592      1        2.264368            
21471.985130112      -9702.688305024001   1        1.014517            
-17652.242551680003  11839.835981952      1        0.64411             
3227.558704128       27803.817131904      1        0.923981            
-8509.150514304      11372.12360064       1        1.270068            
13146.447891456002   -23628.992112        1        0.824926            
2909.83074624        -3401.7718014720003  1        0.776076            
-4117.12842816       12896.709889536      1        0.247448            
-12507.575338368     -25753.152382848002  1        40.894404           
-8505.550411776      -25715.65144896      1        1.779291            
-2550.015224064      -6703.677370368001   1        1.132483            
-19367.128940544     15570.424121472      1        14.989705           
-29473.583952384004  18765.32923584       1        22.197545           
15776.127252864      1354.457706624       1        1.750878            
29804.650153344      -28439.895863808     1        0.614063            
31401.014793984003   19771.552259712      1        2.012612            
-9379.462828032001   -2376.717843456      1        0.432627            
10201.721739264001   2878.670627712       1        1.327836            
28230.092123904      -7206.7631328        1        0.207162            
20977.1150688        16403.013411840002   1        0.72135             
27936.903443328      -24121.102148352     1        1.411906            
-14571.406130688001  -27087.488461440003  1        0.715578            
1058.372206848       12561.663780864      1        0.614858            
18810.7368768        -2057.901969024      1        1.553556            
-22262.094176256     -14512.286878848001  1        1.325413            
24576.186007296      12886.875188352002   1        1.187552            
115.86150259200001   -22410.95205888      1        0.446768            
-29507.867807616003  18305.269285248      1        51.693287           
25441.000801920003   10708.433353728      1        40.127612           
-3935.266118784      -27198.233859456002  1        1.113845            
6538.735703808       24068.582816256003   1        12.43776            
23771.55585024       -10507.31846208      1        21.88794            
-26158.28542272      -31054.711324032003  1        0.789681            
-6209.91936576       -6638.577796224001   1        1.21909             
-8071.614942336001   -22788.554050944003  1        0.56565             
20324.168802432      10671.830433792      1        0.257467            
29621.579226624      11764.953205632      1        11.016383           
-29515.476786048002  28236.67273152       1        0.833527            
7906.597636607999    -5421.232979712      1        1.58055             
1015.0213075199999   -1202.46964992       1        0.747513            
519.621772032        15153.75208512       1        1.39119             
-21716.127442944     5850.119937024       1        1.146933            
21098.152221696      23442.25188096       1        30.856322           
5899.499438976       3032.227794816       1        36.037332           
8890.52319936        5414.525233920001    1        1.617008            
-20883.866458752     24.69538368          1        2.105419            
26678.447934336      6239.146662144       1        1.018024            
-30407.713193088     -22382.914067712     1        24.61001            
-18502.114587264     22499.058814848      1        0.6029              
17644.334235264      26085.496402944      1        1.973456            
-14966.088090624     16658.723689344      1        1.105434            
-2535.334788096      7361.084738304001    1        0.826954            
29243.49443136       21462.491609856      1        1.814394            
-3112.89777216       -9546.099133824      1        0.759045            
21824.252828928      9874.521182592       1        2.095177            
-27580.852176768003  317.069736192        1        1.949356            
1944.2903293440002   2429.76343104        1        0.266812            
29243.420401536      19869.693275520003   1        17.491471           
-31605.084441216     20856.40622208       1        44.066876           
-5827.558543488      7827.06868416        1        0.297               
3973.499304192       21582.38130048       1        0.465624            
12378.541355136      25753.80094848       1        1.986721            
-6398.577934848      29243.825956224002   1        0.318811            
-18437.024669184     -4343.149527552      1        0.704709            
-32086.419919488002  10311.79925952       1        16.593318           
18059.792826240002   -20764.160233344     1        1.861348            
24529.704933888      -7453.713750911999   1        0.606033            
-13343.26422528      -12788.019623807999  1        16.473288           
28576.023835392003   -29505.667834368     1        1.06911             
1833.58999296        25603.423845120004   1        1.238058            
27501.14619648       15326.059719168      1        1.173245            
21142.640927232      -11403.145315584     1        1.86561             
29117.280018816      27771.779920896002   1        0.648483            
-24057.961145856     26513.277740928      1        1.582795            
-28448.55896256      -12807.759837312     1        27.246361           
-15385.975596288     -18685.356104448     1        1.471041            
23730.771854592      3095.626292352       1        1.385731            
-25071.654744576     -26523.513168768     1        0.843792            
16527.330407808      -16618.86667584      1        0.726708            
-1118.58259392       -16811.102816640003  1        0.333295            
12341.146637952      24892.079313024      1        0.387554            
-9173.770962048      9156.890552832001    1        0.407917            
-24989.513826816     -17786.259063936     1        2.028581            
25256.718039168      -29659.226610816     1        0.780841            
-28169.035221888     -16630.938365184     1        0.919237            
21319.329195648      -26292.758988672     1        1.173135            
3724.236058752       -10453.835132928001  1        0.838038            
-13406.852625408     4338.009282816       1        1.063868            
-14502.444130943999  -13317.860730240001  1        0.474482            
-30983.459227776002  14350.806911232      1        26.59989            
-5083.581343104      26928.539991936      1        29.243753           
19461.101755392      20953.468977408003   1        5.22171             
17360.334908928002   -3006.965922048      1        2.051415            
1497.88083456        22318.065551232      1        1.566793            
-23753.94158016      17347.71443328       1        1.799467            
-19995.177045888002  -9689.575370112001   1        0.311379            
-16990.459377408002  -30213.125800703998  1        1.602674            
21186.382897152      -15755.809284863999  1        1.550861            
12369.284408448      13779.003769344      1        1.165387            
-1140.411735936      -28535.801500799997  1        3.432024            
-1245.1880770559999  -18904.34437056      1        14.903001           
-24140.800518912     14096.200643712      1        2.120343            
-12384.446038271999  -27276.153467904     1        27.014516           
-26013.368823552002  -28797.162185088     1        2.183273            
-4509.010129536      -12646.238026752     1        1.735527            
28205.181088128003   25684.26119424       1        38.546982           
11220.525005184      -28521.024504192     1        2.269525            
22543.898357376      -5953.018173696      1        0.550957            
-17706.310072704     -14150.102402303999  1        2.032308            
-16962.752911104     6608.975522688       1        2.234843            
3247.0961402880002   13994.446650624      1        1.312768            
7367.504411520001    -21378.116922624     1        1.483621            
-22669.029681408     23124.242287872003   1        40.702522           
-27479.42005248      25930.658198016      1        1.257742            
31480.022318976      -5708.032564608      1        9.545255            
