trucks_count 15
drones_count 15
customers 1000
depot 0 0
Coordinate X         Coordinate Y         Dronable Demand
2168.203188096       17739.045739008      1        0.792078            
11007.043914240001   -23010.741692928     1        39.251477           
-5996.064907008001   10703.783958912001   1        1.549923            
-13405.701944448001  -16899.130714752002  1        1.779425            
13179.952824192002   7094.496904704       1        1.014046            
14546.944101888      3493.5977514240003   1        1.724783            
15966.860266368001   10949.0914368        1        0.970319            
-11714.118856704     -23606.422671744     1        1.643633            
8536.781341439999    -15297.733655424001  1        44.940994           
-21282.476827392     -22141.235660544     1        0.703531            
-18325.273431168     -22625.532331776     1        0.440162            
-7816.590245376      -9333.43880832       1        2.174884            
-16355.69065152      10343.717379072      1        1.16239             
10024.7244768        6452.832139776001    1        1.689933            
18020.833826688002   3032.21331072        1        1.572927            
-6877.2113245440005  -4594.801039488      1        0.686194            
-7318.5642604800005  -245.334836736       1        16.219368           
-21448.517675904     7655.477208192       1        3.937402            
-10175.127329664     -8088.331198464      1        1.7151              
439.291366272        7516.624617216       1        0.648961            
2489.724369792       -4184.1753085440005  1        0.939946            
19161.596399616      -6190.504239744      1        1.071329            
-20758.0833504       -12837.886756992     1        0.398009            
11919.498509952      1609.8927863039999   1        1.621924            
-9265.825438848      16132.823866368      1        0.406774            
-6708.511839744      7704.06652224        1        0.570972            
-11133.259936128     -23208.596053632     1        1.434314            
17656.679513088      -14147.453422080001  1        0.822915            
9009.471423744       7908.065358336001    1        1.116086            
6011.727042816       9830.423547648       1        0.876257            
-14733.491211647999  -11421.66725568      1        0.749773            
-832.431574656       8781.408066816       1        31.006858           
10590.936757632      -20924.663329152     1        34.908709           
-2980.204140672      2567.323718784       1        1.73496             
11542.491975168      -21257.643040128     1        49.495712           
5475.659384448       15475.849411968      1        0.962193            
-302.107665024       16898.805627264002   1        0.466405            
-2185.447309056      -13021.403472        1        1.241041            
7931.162663424       3722.908349952       1        1.981762            
-6911.256996864001   21318.484290048      1        49.460614           
-18972.155689344     -6960.261521664001   1        1.423272            
-4419.358403327999   -7162.332363648      1        1.773228            
-15578.501419008002  16666.02850176       1        1.625273            
16888.927473792002   -8996.303771136      1        1.350428            
-17974.645653888     -17923.99637952      1        0.938504            
16026.026189184002   6954.018876288       1        1.851463            
12737.711530368      23727.871816704002   1        3.861243            
14334.256417536      -10812.108903552002  1        1.025488            
22349.843657856      -9528.689250432      1        0.825882            
-14617.30140288      -7483.031170560001   1        0.4841              
22421.319452928      -4073.6536093440004  1        0.887553            
-22114.815060096003  475.614260352        1        0.224019            
-17203.457665152     -6930.9392739840005  1        53.950748           
2650.253215104       -17235.428893056003  1        58.233699           
-2011.1312136960003  4747.5213477120005   1        1.151122            
-19147.609590912     -13445.362617984001  1        2.044655            
7513.071185664       8652.634797312       1        1.597836            
-15056.70864192      17713.37348352       1        0.84311             
7184.555794944       1940.073848064       1        2.05957             
8958.250832255999    -21762.993149568003  1        0.823674            
-6938.733326976      -12867.66283968      1        1.804691            
5628.843183744       20046.634210944      1        0.447483            
23470.571507328      -14203.004758272002  1        1.755969            
4415.3286059520005   -2102.4148147200003  1        30.782707           
-17467.053728256     -18818.580819456     1        0.968027            
3817.732507776       -2498.915333376      1        0.246827            
21244.373998848      15851.166135552001   1        0.253952            
14261.757079680001   -11708.014614912001  1        1.221888            
-2899.577615616      14411.009251584002   1        0.320263            
15728.677354368      -12930.597846144     1        1.937023            
-18465.920440703998  20230.538777856      1        1.965166            
-10458.188408448     -11266.579602431999  1        1.104052            
16484.351266944      -16109.790935040002  1        2.039426            
22410.340508160003   -15295.609321344     1        0.710327            
596.477604096        -14623.824074112003  1        1.57167             
-12941.744162688     19570.286089728      1        0.870494            
-19780.501821696     -6448.457942784      1        0.942449            
13602.114332928      8557.644877056       1        1.353527            
-17148.242681856     -10878.56998272      1        1.488366            
-11487.980275200001  22685.325898752      1        1.470183            
-1382.677553664      12533.728787712      1        1.508999            
-12781.820430720001  -22985.207841024003  1        1.236401            
-18127.050530688     -22759.577812224     1        1.659377            
9303.31993536        22396.477618943998   1        1.155903            
3850.76590272        -16155.617005439999  1        0.428034            
22107.927067776      7536.491968896001    1        0.729457            
-18773.012244096     -4072.2116371200004  1        0.225985            
-2534.18571648       -2828.090555136      1        0.500445            
20271.237478272      9034.387287552001    1        1.868361            
24071.9238144        -2461.992153984      1        1.388118            
-15011.296172928     -6023.644235136      1        2.163198            
17610.887238912      5419.227737088       1        1.407933            
-11209.092225408     3131.535585024       1        1.359203            
-6081.897659904001   19849.468649472      1        0.876763            
-9358.594464384      -23438.284848        1        1.257505            
-5686.864862976      -20280.73582656      1        1.212201            
-21274.322281344     -910.3254336         1        2.169456            
2768.1360537600003   8672.185108224       1        53.028084           
-11638.095055488     -13484.514738815998  1        1.836474            
11234.920587264      -3752.972505216      1        1.648052            
15914.619350784      10533.457427328001   1        1.458428            
22532.63455872       -3773.739480192      1        0.702932            
20872.477131264      3654.2794844160003   1        1.250722            
-15395.346806399999  -1462.39479936       1        0.562929            
-6140.3747834880005  23253.289145856      1        0.53925             
-16425.476635392     18132.934292352      1        0.941574            
-1331.151186816      -18472.301489664     1        53.882676           
-19650.056443776     -23703.186089088     1        1.393903            
7146.1825966080005   17259.704237952003   1        0.263082            
-2768.560920576      20891.903522688      1        1.607597            
18678.046464         2603.052764928       1        1.850014            
-7486.6377104640005  -20893.873359744     1        1.797133            
-5388.2607398400005  18706.108595327998   1        1.604171            
-6213.875133312      3272.932548864       1        1.415387            
7345.190856960001    23130.39320064       1        2.224766            
16886.861076096      -13844.240137727998  1        42.832373           
22019.907216384003   15968.775385728      1        0.385292            
8053.290951552       -6435.988745472      1        1.110049            
-13685.689176192     -7741.322835839999   1        1.769619            
12051.970051968001   -7003.80876096       1        48.726682           
17041.332350592      9941.466674304       1        20.485565           
-9924.330379392      -8384.7224736        1        1.404516            
21946.471240320003   17013.97672128       1        1.951794            
21076.232956416      17942.452336512      1        1.166713            
-21306.679751808002  -1820.1101276160002  1        2.225542            
-12561.335474688001  19363.953704832      1        34.670218           
1409.09332608        -4198.535485056001   1        1.677655            
11433.864473856001   -972.47829888        1        0.540493            
5934.628199808       18254.919348864      1        0.372052            
2397.500911872       -13013.023617792     1        1.494856            
-9459.091559808001   20758.67076096       1        0.637862            
-856.011682944       10093.19401728       1        0.609228            
-4636.796871168      20272.888665216      1        1.771587            
20693.510031744      -9944.695018368      1        0.821591            
-3011.486569344      -23207.699649024     1        37.027766           
21545.075097216002   -15822.328300416     1        25.716132           
972.0148078080001    10904.42409408       1        20.586482           
464.02859289599996   9233.12035008        1        0.704365            
12584.68383744       -1609.60954176       1        50.651956           
-9473.306895360001   6210.384466176       1        47.084846           
2505.04854336        -12566.890930176     1        2.191211            
-15386.970170879998  21936.834488448      1        0.856505            
-2095.652351232      1817.145715968       1        2.012685            
-10262.384352000001  -16534.089652608     1        1.72366             
-14994.86959872      -6053.4895196160005  1        0.666335            
11868.376088448      3359.6198634240004   1        0.221178            
5660.544041856       -17337.855591936     1        1.841458            
15825.997604736001   15150.721690368002   1        2.114799            
19470.500324352      -23127.853655808     1        2.010591            
-1227.731522688      12361.091238144      1        1.506912            
-8808.620464512001   488.936409984        1        2.029244            
-2603.018968704      15358.602264192      1        0.335246            
22853.000231424      18969.450382080002   1        30.062202           
12942.429743232      21516.338650752      1        1.811092            
-4046.924014848      -10614.38007168      1        1.990493            
3029.07508992        -5996.402869248001   1        0.514637            
-3950.3633748480006  21204.48318912       1        15.37492            
4959.119506176       13566.406208256001   1        30.004234           
-15008.23520064      22368.357551232002   1        1.399668            
18935.660595456      -23778.392343552     1        59.643747           
-13125.054881664     17386.140739968003   1        1.050931            
3149.1080121600003   -11341.671593472     1        0.765585            
6848.05644864        4324.127081472       1        0.849424            
-3585.7262580479996  4816.526799744       1        0.966241            
-14676.998409216     10462.232689920002   1        30.587009           
7898.417341056       11326.260515328      1        1.643375            
23176.922554368      -7621.862840064      1        2.184726            
-8622.232679808      -5596.7351616000005  1        0.808026            
-23291.467613568002  -5309.571864959999   1        53.126185           
5706.485985024       -14950.654481664002  1        0.605677            
-13370.621463936     621.15850368         1        1.672615            
-18284.772680063998  12168.58794624       1        27.267214           
367.736713344        -580.8766233599999   1        1.07791             
3154.08088512        23356.549484928      1        0.357935            
15704.313495552      19256.454353664      1        0.765625            
10862.037191808      15189.880248576      1        0.286493            
-1769.8567518720001  1523.77517952        1        0.835574            
18622.173259008      -6059.817460224001   1        0.670474            
-15055.580491776002  19153.842580223998   1        21.834561           
-1291.022194176      -18672.497445888     1        2.184865            
-17058.212759808     -10343.017314432002  1        52.133485           
7222.9241652480005   -23647.557504384     1        0.574327            
-6111.005864832      23883.962091264002   1        1.168135            
2709.9164252160003   -14234.515713792     1        1.731075            
22267.636756992      -22320.399100032002  1        0.347053            
14584.346865792      19454.65955136       1        1.082286            
-16343.293874688003  -7859.406842496      1        2.075102            
22271.005113984      -13422.72558528      1        1.109636            
-17461.609317504     -12416.327142912001  1        6.615423            
-16550.046298368     12030.88442688       1        1.036747            
19420.736189184      6875.228612736       1        1.561081            
-7420.74955776       8765.218066176001    1        1.893073            
-14405.8014144       -20187.596651904     1        1.445441            
-11403.198423936     22061.143437696002   1        9.242935            
-2538.358745472      16349.230744704002   1        2.158187            
18704.304520704      -17845.827322752     1        0.476366            
3209.818905216       -9227.194745472001   1        1.685029            
1774.5753484800002   -18606.216613248     1        0.492024            
-1640.0020032        -9441.334058112      1        0.715515            
-22396.73350464      -17195.549348736     1        2.122778            
-2607.1903883520004  12203.766596736      1        18.838025           
1288.744972416       10399.17054528       1        2.072108            
-3440.7420664320002  15629.042867328      1        6.712029            
-5400.923058432      20707.490403072003   1        1.37329             
5536.523165184       -4748.464423296      1        0.301137            
21486.076546176      -22281.541489152     1        1.116012            
-23268.72436416      -7401.416508288001   1        5.116273            
13032.73325376       7178.810436864001    1        1.843041            
7560.443835648       20068.395760512      1        2.23865             
4294.199720448       -13304.472597504     1        2.020944            
4904.511245568       14500.120238208001   1        0.603               
20533.264430976      -5980.51542528       1        0.453563            
13065.723196416002   16482.222104832003   1        28.760436           
-13472.240272128     1436.801401728       1        0.300306            
-5066.329175424      3500.4760876799996   1        2.669859            
-14791.739808384     -16818.420503808     1        0.531689            
6477.204045312       23082.98997312       1        0.644965            
7361.29234368        3537.342940032       1        0.995498            
-22551.185467008003  14543.704492416      1        1.135858            
-19420.441679232     -18984.671557632002  1        2.020818            
20727.32073984       -5496.315314688      1        1.917113            
-2500.243042176      21655.42137792       1        2.062066            
15666.437584512001   -23467.945057920002  1        1.708635            
-22613.755152384     -15714.44753472      1        38.728803           
-17491.369306752003  8698.616974080001    1        0.428595            
-6118.003292544      14181.880508928001   1        2.01362             
-21624.077794176002  17222.948430336      1        1.908887            
-18065.15998848      17241.871097088002   1        2.085768            
-22560.67737792      -8248.86165312       1        0.486161            
-3606.5511694080005  -5793.12340992       1        1.985707            
-16150.100174208     -15545.171904768     1        0.607362            
-17908.005937536     -16559.654082048     1        1.690223            
-15083.510656896     -16147.686158208     1        2.188038            
-1124.894441088      -15476.063454719999  1        1.450367            
13092.444744192      86.73559488          1        1.007788            
22038.382485504      3219.383236608       1        0.727027            
10233.258444288      -16796.679875712     1        1.095567            
-22364.166819456     19162.224043776      1        38.916776           
20456.833465728003   14184.828827136002   1        58.662246           
11181.701190528001   21811.073910912      1        1.840414            
-8714.158409088      4123.755706752       1        1.980838            
-15788.437125120001  1174.03254144        1        1.045294            
10668.563465472002   9774.26227008        1        1.438372            
-768.017581056       6507.023580288       1        0.529571            
-18587.960214912     11908.255632768001   1        0.496837            
3689.540211456       -8702.352261504      1        14.707181           
-7998.885468288001   -2030.589792         1        2.186221            
4615.3652371200005   -1583.4174681600002  1        0.775957            
21145.959394560003   -8467.935214464      1        1.158094            
-8922.547535616      20130.8012928        1        0.837277            
-20948.846941440002  -19201.70286144      1        1.609411            
-4319.6370117120005  -14151.835665792     1        31.781683           
-276.258381696       -37.824412032        1        1.168809            
14936.062559616      -14261.932498176002  1        0.635946            
21540.00727296       4119.5472721920005   1        2.192728            
-5101.924646016      8060.494375296       1        11.331139           
-18306.043379712002  1930.036369536       1        1.715934            
-20515.540725504     -15107.851984896     1        2.096723            
-11968.998712704     -14757.737588352     1        1.847211            
6710.360976          -6613.156598400001   1        57.824194           
-22241.301451776002  23641.441997184      1        14.25111            
-19541.639766528002  17093.001949056      1        0.696746            
-1345.150870272      12563.572462848      1        44.773636           
-17607.266214912     15785.480760192      1        1.39471             
-23844.282105600003  -4162.421805696001   1        2.063992            
23063.072731776      3017.357456256       1        6.484739            
-5360.62830336       -6028.094071296      1        1.787007            
23244.991368192      -19254.355769088     1        0.642036            
-16640.81008128      -2934.5760195840003  1        1.845191            
12119.332363776      -15247.985613696002  1        49.687229           
14960.331467136      -15235.897830912001  1        1.795653            
-14344.34861376      13982.796609408      1        1.258678            
23505.323681664      -21805.57317312      1        0.315782            
-14642.877097727998  10126.560546432002   1        1.312377            
9912.27961152        -16926.008368896     1        2.095324            
-1315.028778624      12436.217025408001   1        0.881917            
-2532.521654784      11272.128620544001   1        2.178323            
675.0683089920001    -19831.406981760003  1        0.637083            
12768.182849664      -16183.354049280002  1        41.418459           
3455.1537419520005   -17677.729732608     1        1.343335            
-16773.130344960002  1573.365505536       1        1.959775            
-20230.3794528       3926.4968033279997   1        1.659867            
-15667.3259424       3065.546043648       1        49.17087            
15912.363050496002   -17582.395412736     1        1.138046            
15756.932606975999   -23559.202909440002  1        34.041979           
8718.946207488001    6989.041420416       1        1.774792            
-346.42738944        -21795.704675712     1        0.314397            
19819.179186048      -4970.687470848      1        1.46637             
-18134.76411648      -3402.0276871680003  1        0.468053            
-8026.094647296      -11815.930786176     1        0.447683            
17996.053147776      7517.065577472       1        4.663211            
-14847.349080959999  -13695.408004608     1        2.0091              
320.705244288        11982.494671488      1        0.881323            
3086.4932651520003   -18982.645393536     1        3.263743            
-4136.459868288      -22221.327883392     1        2.109396            
-17301.621211776     19451.186587008      1        0.763227            
5740.082650368       4391.0500423680005   1        35.207975           
5116.197917952       20304.927485568      1        1.33544             
-1007.821102464      -15030.69359616      1        0.479148            
-21239.259503616002  2553.748902144       1        1.22889             
-16536.817490688     4017.490722432       1        2.072548            
-21814.933117824     -20358.790619904     1        1.918563            
-5085.15689088       12639.826400256      1        0.500467            
-3757.8327240959998  16156.442598912003   1        2.257093            
12580.731288576      8436.541741056       1        0.526702            
-2873.17793664       17579.986224768003   1        1.156784            
-17103.749148288     21193.787488896      1        2.260344            
-14913.866487168     10206.284229504      1        2.253855            
-2896.957603584      3415.7570008320004   1        0.637497            
301.96121472         17130.311371008      1        53.62673            
-7815.944898432      16546.225715712      1        20.770678           
-7213.934369664      -23224.982394240003  1        2.205619            
-22300.911553536     23479.530725376      1        1.936993            
-7009.888862592001   6890.839249535999    1        0.697593            
-2610.8580833280002  15503.427130752001   1        0.997359            
14027.492920319999   5871.191078016       1        1.806431            
-13988.21688         -15556.368110976     1        0.293541            
4904.265015936       7894.952423424       1        2.166279            
-19940.245307136003  7434.488527488       1        1.62608             
5524.647815808       8018.176674816       1        1.349586            
8451.238270464       -2258.3924352        1        0.975178            
15546.316148352002   -21487.3978176       1        1.49831             
-12848.419913472     1554.944954112       1        2.006303            
-11455.424855424     -12497.228865792002  1        53.717296           
418.923508608        14967.684559872      1        0.543076            
-2884.97442816       -12667.173982848     1        0.346392            
21572.432335872003   -22205.884618368     1        1.447712            
23095.235471616      240.76751846399998   1        2.189497            
21381.745993344      -19288.792512        1        41.017669           
-3992.988460032      -11762.601954048001  1        1.252857            
3078.94866048        7764.566591231999    1        45.914015           
-23744.332187136002  -12018.856189824     1        1.774228            
395.380415232        -14219.674343424002  1        2.007804            
-11123.510530176     23498.319816576      1        0.472836            
-4796.422874496      2495.8591891200003   1        0.52214             
-16281.797621759999  -1013.418400896      1        1.9997              
-20990.305252224     16156.3251168        1        48.77965            
17178.110497152      -7879.52525184       1        1.589116            
21717.403652736      -5268.445079040001   1        2.126958            
-23885.494186752003  -7672.476708864      1        0.479719            
-9203.971911552      -6330.134143872      1        0.899484            
14987.820672000002   -11214.581697792     1        13.128536           
21168.124889472      -19508.541997824     1        2.190854            
9141.772375296001    -16531.522748928     1        1.494862            
-14292.704764799999  2255.122248192       1        17.496529           
18916.683211008      -21390.141940992     1        2.244983            
-15033.778708608     20246.067338112      1        40.429411           
19576.461142656      12481.491090816002   1        28.24446            
-17380.184557824     9702.757506816       1        0.562822            
-17191.490583168     10653.39057024       1        1.722753            
-22102.260567552     -20382.00379776      1        0.721633            
7451.927379072       -12046.303551744     1        11.726005           
-16822.01416896      6162.654541824       1        0.619937            
-18481.15931904      -522.777695616       1        37.090839           
-171.02498688        4473.693075456       1        1.524858            
18875.6336736        -11418.910449408     1        0.532881            
-2811.979412352      -1589.595739776      1        0.807923            
-21086.754847488002  1116.4679159040002   1        0.570259            
20251.304143488      -70.48443916800001   1        0.433105            
-17253.471248640002  21485.225203200003   1        0.855923            
-17325.48939264      22445.026699392      1        40.986126           
-23993.437716864     -23060.546061696     1        0.320597            
-17901.72305856      -23639.419051776     1        2.115497            
-6187.304863872      -19773.200227968002  1        1.672554            
12131.04195072       4286.521540224       1        45.762734           
-4257.328040064001   -13205.478629375999  1        0.356165            
-7638.237915264001   -18863.730965376002  1        0.991262            
-11122.350193152     -9910.97604288       1        0.902982            
-5294.1784896        -20028.400343424     1        29.233053           
3423.860047872       -5992.245933696      1        6.918716            
-16994.1093696       16134.764735232      1        1.324872            
2719.48558464        808.161057792        1        11.995182           
-8117.254328832001   13123.439100288      1        1.208402            
18329.782813056      -16707.893976576     1        45.90639            
16304.608463616001   6886.223650944001    1        0.828548            
-68.833252224        -1289.327554944      1        0.534159            
19072.503115776      -10442.992982400001  1        1.781998            
-20577.146413824     -1657.7224899839998  1        2.103281            
10586.813618304      -17427.697220736     1        0.895811            
20371.831134336      -10354.693105152     1        0.722061            
-22845.927164544     -13295.318648832     1        1.408221            
-12323.266826112     10532.744487936      1        1.601756            
-13427.761222656001  18459.39294144       1        1.979619            
5277.718119168       -18989.835942528     1        0.385298            
23815.08860544       -1437.952082688      1        27.28293            
9616.224689280001    10181.930026752      1        0.366978            
17265.773074176      5649.260931072       1        2.011507            
-1994.6821086720001  -692.763046272       1        2.210613            
7399.4708113920005   -14722.103493503999  1        26.690902           
10681.029444096      7612.266321792001    1        1.013819            
-7418.790986112      1321.881365376       1        2.422839            
21445.94111616       23239.387632384      1        0.790846            
-2353.002550272      -1004.298248448      1        2.076288            
5854.80956544        8334.354834432       1        2.202372            
3893.666185728       16788.055401216      1        41.14929            
-2921.912091648      16337.563000704      1        57.695314           
-13190.233313663999  -389.64632256        1        0.845139            
-16648.065004032     -20618.727034752     1        35.379236           
-19326.713484672     19515.790483200002   1        0.391039            
-842.132700288       -1509.859181952      1        0.571352            
5699.6124768         8821.414749312       1        23.166037           
8393.271308928       6711.007932288       1        0.650092            
-17650.340307072     -6178.564516608      1        0.644527            
18385.345414656003   -12122.47219392      1        0.482442            
17408.951581824      17776.203882624002   1        0.830696            
8394.500847744       17789.019088896002   1        0.74093             
10605.498102144      6538.598909568001    1        2.162186            
-17358.752923776003  -6147.584644608      1        54.406327           
-6005.698440192001   7647.090916608       1        0.87861             
21671.75621952       -2362.26754368       1        0.889045            
22969.025887104      2385.722123136       1        1.588787            
19122.312312576      -682.14459456        1        54.71692            
3834.7464925440004   -17760.256892928002  1        57.773796           
6511.507212672001    -22401.847999872     1        1.643231            
-20028.9700512       -374.24490048        1        43.466046           
3284.3106109440005   -7573.907607552001   1        1.647253            
-2891.260525824      -14462.236280448     1        0.834482            
23655.73136256       -11739.121625088     1        1.198789            
-8380.216310400001   5460.943542912       1        1.087287            
-21719.938369536     9952.888188672001    1        1.17748             
1101.227428224       15890.170196736      1        1.9818              
-20833.624348416     2900.1183551999998   1        0.273436            
19052.944758144      6526.126493568       1        0.66781             
17442.129817728      -12351.72324672      1        0.509604            
12165.980808960001   6279.743973888       1        31.366732           
22162.491876096      -7473.898143360001   1        0.670605            
-19793.55521088      13462.344415872      1        1.387549            
19069.144414848      1703.4841866240001   1        0.702907            
-5877.261523584      13361.332330367999   1        1.016989            
-4895.683993728      -15572.971713024     1        52.139932           
-15820.450195968002  5652.164187648       1        0.360476            
-3637.9253306879996  16835.745091968      1        1.687494            
2961.524484864       20872.407929472      1        0.886869            
1849.7268852480001   -15515.465023872     1        0.241899            
-11452.46205312      3988.876586112       1        1.562069            
5693.302238976       -20687.244855552     1        2.022387            
-13021.667404416     7539.668813952       1        2.168417            
12061.157796864      -17319.28537152      1        1.996919            
18379.98790848       5347.829190528       1        0.355285            
-7381.949883264      -11385.059507712     1        1.421132            
13631.753621376      5355.557260416001    1        0.229347            
11695.918785408001   15321.57447744       1        1.212438            
4405.81255488        -21012.525464832     1        0.755548            
7312.588766208       12006.552754944      1        1.329006            
11470.522111488      -10925.067149568002  1        1.347951            
-9480.494225664      3542.6827434240004   1        2.0558              
19304.562473856      -17021.73375936      1        0.872356            
19294.045410816      -18483.140421504     1        0.231154            
22337.741390976      5485.653410688       1        1.630628            
16240.514729472      17891.81754624       1        1.786188            
21147.396538752      -17461.403321472     1        0.786916            
-6371.587626624      17142.550432128002   1        45.464347           
-7664.8226687999995  320.70685363200005   1        0.998685            
-12659.15623104      23487.846205824      1        1.55061             
13246.650476928002   -18942.915518208     1        47.299574           
22975.345780992      -9546.33087936       1        0.92903             
18582.007251456      14400.115602048001   1        1.557878            
16650.118526976003   -5835.024290304001   1        0.326142            
20239.631571456      -9502.567987968      1        1.672481            
-17169.296120064002  -20047.326228864     1        10.009871           
-16748.62003584      -12900.660829056002  1        2.107105            
-21459.195673344     -21286.186365312     1        1.241571            
893.839313664        12567.647321856      1        1.780402            
-8020.127199744      10653.965106048      1        1.463437            
-11423.986320384001  4922.53267968        1        0.879997            
21583.8377568        10625.772617856      1        1.206949            
23493.400051968      -2971.100081664      1        1.504626            
12870.081683712      15589.092511871999   1        1.555665            
20157.633885312      23019.102235008002   1        1.893248            
1381.57354368        -9104.95219392       1        0.956398            
13073.262973055998   -507.96690278400007  1        2.093498            
-15719.322237696     13945.096116864002   1        1.401779            
22680.166341888      -21694.335315840002  1        1.140871            
-17878.173527807998  17006.432116608      1        50.764646           
-1691.3787010560002  -472.775377536       1        0.416497            
-19918.113608448002  19255.871771136      1        41.093341           
-7854.297175296      674.801157888        1        0.462208            
10501.182033408      -19604.27221632      1        1.192833            
-15647.432841216     20402.489137536002   1        1.291446            
6193.034128512       17174.648798208      1        46.759247           
-4395.227899392      -22107.679228800003  1        1.552672            
-16264.622702592     -1069.647270912      1        0.872937            
-23151.276048384     2025.1920522240002   1        36.641248           
-7386.322470912      23462.233496064      1        2.167157            
-16667.023076352     15180.6603168        1        1.640998            
3279.007822464       -19801.973689344     1        1.076009            
6714.294212735999    -24020.527804416     1        0.24806             
-1805.8046688        18634.343118336      1        1.628355            
14086.36272384       -16397.813621376     1        1.357246            
236.38366540800004   -23183.416257408     1        53.714844           
-3015.228294144      -21178.337786496     1        41.891835           
4363.248624768       -18972.30696768      1        28.039326           
12362.002126848      -22618.724806656002  1        1.783973            
-12741.895824768     -20829.029671296     1        26.655662           
12564.269308800001   9827.134048512       1        2.187958            
19698.069612672      -17165.782922112     1        1.668541            
21702.378817152      22006.675190016      1        1.919177            
-1274.162706432      -3938.0856894720005  1        2.236342            
567.689658624        18535.345931519998   1        0.547402            
-17115.162615936002  14548.793238144      1        0.449396            
18270.813230208      -4487.6219477760005  1        1.53065             
22795.852425984      -22429.2663936       1        0.23435             
10006.398876672      -19518.185187072002  1        1.500453            
-23990.164311168     -1529.7619392000001  1        1.20937             
13306.891441536      19493.76661056       1        0.953275            
-13783.199329152     3023.72402112        1        1.232955            
-8180.685013248      -14249.538940032     1        0.29793             
21960.049275647998   -20332.415081088002  1        1.239038            
-18140.99227776      20723.25714624       1        0.62539             
16910.594072064003   -2752.5350730239998  1        1.348587            
-7128.33175296       -4354.073754624001   1        0.362274            
1749.009309696       -8766.94972032       1        0.358066            
-17800.717410432     13520.361267072001   1        0.997719            
-23357.339672832     -14742.265355136     1        0.286894            
6464.88773568        21817.604628864003   1        0.581548            
-13149.098481023999  15730.550630784      1        6.039319            
-23764.183445376002  -4098.952497024      1        0.698236            
23383.71199296       -16182.161525376001  1        2.102989            
8073.665246592001    2643.25900608        1        46.66637            
14573.927972735999   -13407.000685056     1        1.70315             
9632.46297024        -11146.002721920002  1        1.391507            
12443.051909376      -18778.543559424     1        0.556978            
8225.769176064001    -14367.235094784     1        0.898702            
5308.076784384       10107.755361792      1        0.513562            
-1763.3630488320002  4216.468405248       1        1.814014            
-14141.823936768     -19393.126283520003  1        1.993376            
16764.575072256      -7901.536249727999   1        2.168768            
-8259.172720128      -3506.681718144      1        49.236811           
-3222.9286214400004  -17640.298000512     1        0.35832             
-12318.734913408     2574.375864192       1        0.936243            
-9179.550116352      -11158.111426176     1        1.919045            
19646.858677248      16665.737210496      1        1.488006            
998.21170944         -4423.642477056001   1        1.372575            
18206.90296128       -14913.9115488       1        0.278795            
6914.797553664       5023.118289024       1        1.317587            
-12372.0734016       -8023.52935296       1        1.716239            
-11225.361083904     16399.791505152      1        1.451173            
-10587.360795264     24074.012742912      1        1.414713            
-14936.191307136001  11212.911198720001   1        18.868348           
8816.44509504        -23257.758294144     1        1.683726            
5192.184704256       -13942.756130688     1        2.037624            
-8325.419756543999   19254.89168064       1        1.515561            
-4382.308085760001   -23781.802543488     1        1.884401            
-19773.243680256     -11925.337209984     1        0.696953            
23575.429924992      -6492.121054848001   1        0.621188            
6865.496909568001    -1841.844318336      1        1.323163            
-9229.441389696      -19612.486308096     1        26.493958           
2013.5307456         -23294.259825408     1        0.318535            
-16822.313506944003  16417.351057536      1        10.54572            
6620.360022144       15847.593391872002   1        51.995713           
-13959.247078656     -21752.551725696     1        40.903107           
-16859.405667456     -6363.825760512001   1        1.480897            
9113.888881152001    -8239.728625920001   1        1.775719            
-20013.558973056     -1606.21382592       1        0.638391            
-6220.032483456001   -6881.347338624001   1        0.628812            
-7375.541475456001   18011.04579648       1        1.892663            
4118.427168768       -11962.828487808001  1        0.273374            
2296.46951424        -15872.300040960003  1        3.508499            
-23793.211183104002  -19528.666844544     1        0.480362            
-12249.742336128     -22066.811547264002  1        0.538331            
2606.226391296       -16515.287686656     1        1.108115            
-15200.633885184     2083.696534656       1        56.042399           
-1894.838406912      9494.03524608        1        0.363917            
-14503.654357632     19257.889888512      1        1.563649            
23714.404826112      -12983.216957568     1        0.649284            
5385.843505152       10969.945316352001   1        1.621093            
-20008.986826752     16523.139676032002   1        55.149708           
7093.875697920001    -6774.406429824      1        0.326429            
-2232.6107443200003  7954.187548032       1        8.5783              
19136.773877760003   -12403.618153344001  1        1.77911             
9263.994005376       -10.195194240000001  1        1.98215             
19369.620205056002   23305.100366592      1        8.665796            
-19671.750400896002  3443.7708518400004   1        0.466637            
-17635.7145888       -4540.036672512      1        1.888152            
-362.797636608       16861.983836544      1        53.045044           
-2968.961263488      15215.116371840002   1        0.394581            
-1089.418061952      -12251.723438592     1        1.74601             
7815.211037568       17980.4763072        1        0.598763            
-14301.234288        11848.177211904002   1        0.227521            
21545.1330336        -22485.390656256     1        29.913119           
9622.42066368        -20209.013801856003  1        0.666559            
8795.174395392       -16399.559759616     1        17.867909           
-15508.22619456      -11263.908091392     1        27.908546           
5619.840513408       23121.277876224      1        53.829948           
-17302.203794304     21068.290843776      1        0.334514            
321.390824832        10392.881228928      1        0.336263            
-12079.275791616     -1696.446525312      1        0.50322             
-20206.841187456     3358.913361408       1        6.555096            
17933.428744704      22474.459991808      1        59.526016           
15372.460325376001   6860.887748352       1        1.704798            
7000.041286656001    -9252.860563584001   1        0.217988            
13217.025672576      -10392.692935680001  1        1.822731            
17758.57995648       18679.895600256      1        0.306712            
11051.69516352       -10311.100804224001  1        1.266165            
22936.727962368      -15959.470158720002  1        0.582602            
10019.809540224001   -21163.255014528     1        1.412055            
-24063.486023808     9001.6242624         1        14.502881           
-12376.127339136001  13102.841106432      1        0.774285            
-17902.604979072     -3005.68327488       1        52.997651           
-13787.324077824     21200.754339072002   1        2.128691            
4361.639280768       17446.615059456      1        1.679473            
-18357.132004992003  -18979.655232384     1        44.103607           
-4201.417820160001   9530.087770368       1        0.836371            
6051.641992704001    -11778.671253888     1        2.015204            
-17531.561063808     15164.386630272      1        2.157719            
-6282.5168736000005  -3307.37894784       1        0.394457            
-6220.286759808      -20226.454262784002  1        0.644497            
-14967.10841472      -15787.724185728     1        32.150025           
697.703732352        20249.009218944      1        1.962436            
-21538.967636736     -897.605178624       1        1.837357            
-20533.389959808002  20038.410463104      1        2.163944            
21302.984697984      2151.559352448       1        1.436246            
24069.804308352002   19261.20835584       1        0.692408            
11976.326055936      -14367.519948672     1        1.336362            
-1882.58647104       15313.257387648      1        28.209809           
10626.1363296        -21812.908563072     1        27.798224           
-7692.97009536       -5350.388047488001   1        23.899519           
-6215.494133376      19748.435642496      1        0.230513            
-13023.247780224001  11040.391131264      1        0.839428            
10499.659593984      19267.599060864002   1        0.956592            
-20017.60808256      -21476.54279232      1        56.896186           
-10418.028838272     -10236.3934464       1        11.749761           
20677.159096704      14062.023005184      1        1.763509            
2327.1532669440003   -6448.556112768      1        2.140075            
3930.5700529920005   22979.330516736      1        1.106387            
-22948.989554304     23318.641387008003   1        0.444226            
15275.619659520002   19432.666256256      1        1.833043            
-10794.673270656001  -12721.001711616     1        1.655961            
-5526.5001707520005  -12478.829235840001  1        1.50653             
-15490.510535808     1440.520595712       1        2.244883            
19525.650933888      -23558.316160896     1        1.463058            
22591.22272704       3450.617001216       1        1.397412            
-18542.06494272      -21717.870362496     1        57.77762            
16652.624275584      6665.635696896001    1        0.48092             
-6799.681177344      -8391.70702656       1        1.538169            
-24134.182896384     6569.208632448       1        2.269645            
-8114.01471936       20804.474300544      1        1.628991            
20312.187236352      4827.148470144       1        1.556258            
12140.982868608      -10437.413386752001  1        42.483639           
19764.575753472      22609.557983232      1        1.020522            
9845.927967743999    14370.860946816001   1        1.728288            
-10271.065153536001  22433.817618432      1        52.858498           
20134.182524544      7007.727513600001    1        26.509549           
9358.291907712       -13820.898212352002  1        11.036237           
13409.083176192      4695.863014656       1        2.105141            
-587.248016256       420.92875123199997   1        1.720713            
-6883.193256192      19984.734012672      1        1.697059            
2386.043991936       -3900.9645607680004  1        1.449359            
-12372.733232640001  -9197.346242304002   1        0.662398            
-1125.713597184      6820.50447936        1        1.820872            
1119.8266168320001   4928.530704768001    1        0.340413            
21918.03413184       -23502.180632832     1        1.024624            
1723.7072033279999   -6631.285858560001   1        1.592458            
-12756.000115584002  20894.930698752003   1        1.464296            
-23604.159934080002  -5407.236514944      1        2.126006            
217.200284928        6755.36628096        1        0.671474            
-13243.393164672001  -6785.190643968001   1        1.741367            
26.637861888000003   2911.390200576       1        0.820977            
-1080.235145088      5402.73678912        1        1.527026            
14762.156846976      -14637.405328128001  1        0.814517            
571.302635904        20746.867832064      1        12.918794           
8544.721844736001    1362.21313536        1        1.379664            
4590.214409088       -11959.822233216     1        56.900837           
11429.14265856       22290.978682368      1        1.340848            
21240.29913984       -16928.358011136     1        2.21438             
-8743.982772096      -13368.178479744001  1        10.877114           
14879.230185600001   339.952998528        1        0.286383            
7819.853995008       4511.14411968        1        2.066058            
-136.3516704         -9570.617489664      1        2.233875            
5581.185679872       -9984.510188928001   1        1.562186            
8059.736374272       12741.71557824       1        17.194244           
-7586.738907264      -21910.846801536     1        2.045616            
-17487.466647552003  -19871.983372032     1        1.621792            
-16755.005912832     -14809.210846848     1        1.728964            
3355.722032256       5202.103091328       1        1.979159            
17720.593000704      21306.132574848      1        0.220413            
-1326.4197154560002  -22792.504990464     1        1.920353            
-13818.210607872     18408.210974208003   1        0.553476            
23927.662218240002   -14263.326190079999  1        1.324219            
-15007.651008768     -18346.576317696     1        1.308752            
23635.987930368      4387.882853376       1        19.206983           
-23138.213003136     13677.961106304001   1        41.46639            
-7339.6257454080005  -22559.330356992003  1        2.163042            
3953.2054763520005   -7224.037831296      1        0.820958            
-18315.071799552003  -12113.76564288      1        2.025135            
-14200.590742272001  -23259.345107328     1        1.808503            
23742.363959424      31.834433664000002   1        1.384368            
-8243.557255296      14851.987210368      1        2.136478            
-21501.759603456     -19849.819486464003  1        50.343195           
6878.390973696       -12955.536240768002  1        1.632026            
8024.721876864       4750.350574464001    1        0.244912            
-17755.753948416     779.677278336        1        56.743233           
18212.812472448      3637.851300864       1        44.636986           
7670.799772416       9479.226062592       1        0.981376            
-19692.533469312002  -12724.022450304     1        1.456032            
-7785.454267008      -438.58325491200003  1        0.286894            
1569.953696256       8017.4251111680005   1        25.761066           
6881.7818615040005   -6431.1639321600005  1        0.801014            
4131.672069888001    13108.005491328002   1        13.121968           
5397.680230272       -2346.9385420800004  1        0.59062             
-11158.73263296      -3616.186311936      1        1.921761            
12494.217783168      21156.34771008       1        1.903605            
-4970.162824704      -8371.057533696      1        0.826994            
-9548.98629696       20286.484403328002   1        52.755139           
4749.347953152001    -19276.444015488     1        1.190511            
-16053.557236992001  -15713.890701696     1        0.91887             
-8295.757937280001   12529.195265664      1        0.493474            
-22863.726509184     -1702.1081975040001  1        0.863535            
15232.523036544002   -23248.284086016003  1        42.102678           
18112.794961536      15174.815179392      1        1.821935            
-8741.637957888      -7506.537249024001   1        1.009861            
2359.5268308480004   -17305.000834176     1        13.385119           
-10919.537443584     -12781.76410368      1        1.442094            
3466.263043584       -9177.470843904      1        1.052525            
-15755.596851456     5919.56152128        1        0.650181            
21571.637319936002   7924.108908672       1        0.668122            
-21059.056427904     -5467.668991488      1        26.700125           
-19718.215380864     -1773.7610204159998  1        1.048849            
12588.821460864001   9117.873616896       1        30.129604           
-17944.198474752     -1566.520965504      1        0.313427            
623.1379968          8813.895894144001    1        1.978702            
13592.257100927998   14358.053787264      1        1.24805             
12007.297881216      20056.317633792      1        0.219435            
-3071.894905728      19401.324281856003   1        1.662607            
11411.895318912      -20778.13577664      1        1.287239            
-17352.318766464     -11661.490089216     1        47.33775            
18389.264167295998   -13315.4708544       1        40.842571           
14685.0225984        -15598.732482432     1        51.763738           
9784.592649216       16129.201233024001   1        1.300522            
-14875.966435968     -160.647936768       1        0.832719            
23118.276449664      -12978.076712831999  1        0.646694            
11084.26828608       23797.566067968      1        1.092622            
10871.318278656001   15832.771333632      1        1.220441            
-2270.18088          21407.757820415998   1        27.384838           
22569.211729152      -5784.035444352      1        1.259018            
4112.874931968       -8454.176932608      1        0.895802            
18706.419198720003   -10370.40352128      1        1.002505            
3289.95779904        23404.440343680002   1        1.077403            
15233.701076352001   247.85346009600002   1        0.346035            
3013.35179904        -9006.177096576      1        47.314585           
13755.29652288       4490.755340544       1        1.6214              
-13118.966733312     -3576.6350737919997  1        1.693229            
-2418.8134544639997  8113.792629888       1        1.044604            
-21125.552912640003  -9403.062248448      1        2.28306             
18113.000957568      22733.725310208      1        1.029676            
-10924.016247936     2014.8568450559999   1        1.883242            
-3804.0740052479996  12762.220230144      1        1.151806            
4663.6439477760005   -18225.460306944     1        1.761842            
11516.758564608      5131.874537856       1        0.989425            
5739.780093696       16677.581982336      1        0.515783            
-23818.489149312     5114.799398016001    1        0.736594            
-6978.188004480001   -10632.98408832      1        31.763933           
-4718.100930048      -1375.3695225600002  1        1.617876            
12010.584161664001   -7304.0962579199995  1        1.417766            
-13522.517788031999  12367.290431232      1        9.256276            
16538.758359552      -21509.901274752003  1        7.123257            
-19908.987018624     -9868.991476608      1        2.034499            
-14565.889299456001  -6352.401027456      1        1.684514            
8172.266534784       9999.832753152       1        29.146334           
-16114.628623104001  -23615.82767808      1        0.497219            
1086.923578752       5758.918412544       1        0.506007            
-4185.578656512001   -12853.809606528     1        1.714274            
-2678.901147648      1509.712731648       1        2.082667            
18276.244766208      -11344.13710848      1        0.666297            
-22912.199950464     -8524.568029824      1        0.603235            
-3439.644493824      20384.084679552      1        0.808663            
10060.509849984      15954.505332480001   1        1.965812            
-9549.94385664       17913.149400960003   1        0.345914            
-14976.69205824      -20650.958976384     1        29.243743           
-17154.676839167998  2769.9111601920004   1        1.79635             
16834.594411008      3649.1939573760005   1        0.926508            
-22264.680392064     11907.193465728      1        0.84249             
-5050.720147968      -8582.860078848      1        1.522468            
16817.874936192      -20113.920883584     1        1.003733            
5979.435555456       -2327.346388224      1        1.55563             
15076.122158592      -6115.082333184      1        2.139141            
-10540.38243456      9249.939604224       1        0.465348            
3907.1009894400004   -20632.358178432     1        0.960412            
-10347.54278976      -3055.0579488000003  1        0.208773            
12872.648587392001   6972.793483392       1        0.489               
-7463.093007744      7416.558825984001    1        1.528263            
11320.111211904      -4688.540499455999   1        36.670245           
23436.45019584       11674.482323328      1        1.94127             
-22740.560194176     7142.529385728       1        2.131044            
16328.079136511999   9008.191995264       1        1.078354            
-899.1002592000001   18044.751897216      1        0.238756            
-6127.8991488        15842.091044736      1        1.43243             
14113.343375999999   14720.714629632      1        58.309945           
-13028.109608448001  8641.692867456       1        2.163034            
-1568.397460608      20030.133606912      1        39.5861             
23195.877408         16214.206783104002   1        1.824246            
7073.023427712001    -14816.201837183999  1        2.119922            
-3040.6768508160003  -9894.660513408      1        1.255999            
4083.6299328000005   -3596.8082008320002  1        1.955207            
6053.4718168320005   -12773.912114304001  1        1.7461              
5337.302471424       -10022.04491904      1        0.324975            
-10863.179826047999  -17392.581334656003  1        0.353879            
-15624.232538112     20685.040054272      1        0.455643            
-19716.710644224     9406.541650176001    1        1.232818            
-8404.713744768      24134.335784064      1        1.998231            
-1897.6241813760003  10588.255590528      1        16.613402           
-20679.425053056     20363.771539584002   1        34.899361           
-14067.596163456     12893.674666752      1        0.720328            
-2866.87735488       4933.099632384       1        1.153777            
5375.1687264         23613.408834048      1        2.222762            
8133.241552128       12440.662033536      1        1.985216            
3532.3121306880003   22538.341292544      1        1.344097            
-20451.842889984     6651.450938880001    1        1.997441            
-14243.552180352     8160.679257984       1        29.407674           
-18000.469187712     -1736.7573738240003  1        0.532442            
15774.596766720002   8503.574137344001    1        1.977735            
-4141.38928896       5290.868068992       1        1.319789            
13831.156171008      6071.412783744       1        6.694456            
-8955.288029952      22315.041593856      1        0.579187            
-14015.377778688002  -18421.399548288002  1        2.221585            
9035.162991359999    21902.006674944      1        1.006681            
11770.093450368      6692.894765568       1        0.838164            
-8484.997479552      -8736.91936128       1        0.393119            
-6174.793823616      -17067.126916224002  1        0.680473            
-21876.284529792     -14720.553695232002  1        0.421209            
-23674.695872256     21219.408245376002   1        30.935761           
20454.799254912      17188.947819648      1        0.302149            
-21344.01331392      -2490.294077568      1        1.59457             
16005.605223168002   -7816.162159872      1        34.999727           
21706.769107584      17344.912565376      1        1.891074            
-11442.144548736     -20110.6442592       1        1.15931             
-1224.215106048      -18232.319331072     1        0.746974            
15915.826358784      23397.570054144002   1        7.580186            
19143.85499136       2225.6905651200004   1        1.267105            
-7305.145550208001   -11025.287437824     1        0.210498            
16037.164459008001   5901.607679616       1        0.849474            
16236.206515584001   -4893.213650688001   1        36.93723            
22856.429743488003   -17383.585101696     1        0.623599            
-7398.518079744001   -19171.864014336     1        1.092863            
1384.84855872        7150.683931776       1        2.083134            
-18208.9629216       23386.235444352      1        9.353324            
-13688.146644480003  -12091.19459328      1        0.628072            
-6696.338761728      23603.160531456      1        2.220181            
1452.083732352       3186.50112           1        0.355605            
-15881.870809728     -9516.215225088      1        1.594464            
5745.264738048       -5162.435980416      1        2.232245            
4092.4604033279998   634.063833216        1        0.753379            
-20345.957710848     -19325.664192384003  1        0.574551            
-12767.651766144     -4074.4582813439997  1        0.546861            
-3162.9177930240003  -1952.8938823680003  1        0.569849            
-4857.379997184      2028.2144002559999   1        1.834963            
-11435.551066368     -13990.59870912      1        0.850831            
21261.994706304      -17409.283106688     1        1.030166            
-16731.610879104     -11854.223517312     1        59.829661           
-20214.343949184     -9228.536938367999   1        0.247503            
5542.5517678080005   19547.146941696003   1        1.970122            
-8724.997340928001   22716.563265792      1        0.683618            
1143.678704256       -2341.822437504      1        0.327183            
14336.746072704      1107.2512028160002   1        2.266423            
8749.782847872       18198.334813824      1        5.304504            
13758.452446464      16884.397170432003   1        0.261073            
-22968.343525248     9937.15202304        1        0.650735            
-8918.537050368      -20022.32346048      1        2.216239            
-3192.365569536      -23322.960866304     1        1.208701            
7488.377411328001    -5971.173183360001   1        56.680828           
-21878.99949312      16385.873898240003   1        1.048623            
-15258.917887488002  3355.0364517119997   1        0.69636             
-9038.869310592001   9025.33794624        1        50.39288            
12596.972788224      -9916.50413952       1        0.258502            
-1298.465410176      3597.3215815680005   1        0.538916            
2807.1851765760002   -6377.4359827200005  1        2.034277            
-11234.590671744001  15839.253771264      1        1.690502            
20654.505970560003   15251.582497536      1        0.320193            
11716.658401536      3030.874336512       1        0.539265            
-23197.037745024     -4177.726667136      1        16.596106           
-14789.87940672      -6702.130790784      1        0.257879            
-9578.155656960002   -1888.866131328      1        2.141423            
167.418446976        -16949.149126272     1        1.317861            
-22474.039953024003  -19590.591182976     1        53.507873           
-5906.942654976      22964.384539008      1        2.059766            
-2632.54882176       -20421.183277440003  1        0.858707            
5274.68933376        -15216.220381824001  1        0.206301            
-19800.460905984     16842.6298656        1        1.51543             
-3561.875779968      -23969.403773568003  1        1.992586            
-19321.262636544     -3592.0976509439997  1        1.984734            
18414.992749824      16507.408338432      1        1.517432            
-6640.681208832      3096.709380864       1        23.549589           
-20018.681515008     13664.086951680001   1        1.268354            
-19128.181590144     -14441.155483392002  1        0.436737            
-2393.342366976      8354.115969408       1        2.168825            
-16662.291604992     13260.531068928001   1        13.26526            
-20805.700620672     14223.773342592001   1        26.70679            
-22833.824897664     10537.601488127999   1        2.039156            
-12922.695967104     -4928.47115904       1        0.831773            
-5181.3634752        -17336.506961664     1        1.696271            
9074.155787136       14373.719141759999   1        0.405426            
-21370.911889536     14591.041736832      1        0.662554            
-4171.593457152      -9593.582828544      1        1.264678            
-10635.280622208     20442.188435328      1        0.868379            
-5119.39568448       -22781.744916480002  1        2.172879            
1061.653659264       -13118.104124927999  1        1.852471            
-17256.757529088     -13034.080274688002  1        35.31493            
18265.819435776      6289.749265536       1        0.650659            
-14014.563450624002  -3540.22688448       1        1.256274            
-1029.9254423040002  5441.624977536       1        0.677574            
48.188587392         17005.553414784      1        1.271545            
-23482.945753344     -22819.00123008      1        1.667965            
3876.634498176       -19386.336461184     1        31.559489           
-19683.2024928       13761.494106623999   1        2.235273            
983.98510848         10461.297661056      1        1.986622            
-4946.373501696      2661.6827761920003   1        1.671749            
1016.965395072       10636.222088448      1        1.301359            
-13997.565559296001  16058.068228224001   1        2.240331            
7151.569070976       -22037.806340352     1        48.067863           
-11773.313747712     -14353.422095232001  1        1.103462            
7080.55837632        -21353.873764608     1        0.313113            
20255.150475648003   12381.3673632        1        1.487277            
-13781.495033856     9259.429905792       1        0.907391            
-12224.033065728001  23417.426140416002   1        55.304148           
-9906.798185856      20578.56907392       1        1.642461            
16457.552470656      17628.281028864      1        0.981293            
-9754.04086272       -16318.361917440001  1        54.598081           
-6422.357601792      -10433.734426367999  1        1.243284            
-14464.146571775998  -6371.296335360001   1        33.148892           
-6539.147695872      -4503.686419584      1        0.401456            
-23411.535941376     10318.3492896        1        1.160694            
20052.587174400003   -8511.278067072      1        6.408911            
9858.580630272       2774.43663552        1        0.812043            
6449.8709468160005   -10310.571330048     1        37.33726            
-10312.449434496     -12345.018719616     1        1.654365            
-8398.097731584001   18216.974236031998   1        1.906839            
23970.824824320003   -13728.338401535999  1        24.839092           
-20085.260076288     15176.730298752002   1        54.657052           
-17416.866335616     -22868.816864256     1        2.18227             
-217.811835648       18422.949346560003   1        0.86832             
2158.6533408         -20809.583967744     1        1.474514            
4898.571156864       -10483.043117184001  1        1.749598            
8086.536779904       -5179.243969152      1        0.517498            
-10207.496065536001  -6843.856060800001   1        1.193296            
-2720.964571776      -20028.311829504     1        58.514327           
20011.093458048003   4202.323880832       1        1.962812            
22481.702039808      -10833.736877568     1        2.085646            
-9611.07478848       -18309.350581632003  1        0.244465            
-18116.406329472     -584.793766656       1        0.79285             
-556.2761909760001   -3898.7629781759997  1        0.608611            
-15232.025749248     5747.308604928       1        1.898864            
-19774.799915904     20736.362034432      1        1.902057            
-20613.384012672     19902.271226112      1        1.993803            
16825.4098848        -3779.032612608      1        1.254598            
4814.946423936       8694.875249280001    1        0.204716            
16949.895861888002   -4319.075350656      1        0.448658            
19307.105237376      -9306.517701888      1        1.863079            
-10365.009000192     -1728.8812442879998  1        0.203706            
9769.752888191999    -465.423894144       1        1.713719            
-17483.367648384003  -4169.567293056      1        2.269363            
1471.28642496        13387.151036160001   1        0.812616            
-5407.949454336001   13950.983097216002   1        1.125741            
3735.985879296       -3545.7968240640002  1        0.885543            
-5907.803654016      -18416.907869184     1        0.463374            
-14709.748559616     -278.733552768       1        2.201964            
10846.188372096      -23268.685739904002  1        34.000966           
-2719.118654208      1915.8677049600003   1        1.095834            
18215.709291648      -5201.2791072        1        1.784843            
538.8067618560001    -9340.177131648      1        1.697002            
-16747.184500992003  585.645109632        1        1.412032            
15103.194543360001   4828.559864832       1        1.41754             
6015.531532032       -13887.338370048     1        1.753567            
6640.610397696       -15242.080930560001  1        0.284608            
-12280.27641984      10338.736459392      1        1.619984            
14708.525458176002   12379.74997248       1        0.996973            
-3938.9145016320003  -347.829128064       1        1.639948            
14879.727472896      18134.146128384      1        1.170763            
-20077.206918912     12280.617600768      1        24.339098           
-7110.21053952       17675.650460160003   1        2.106414            
17128.838821248      255.081024           1        1.896152            
-9534.910974336      12702.569894784001   1        17.29413            
7352.8111008000005   21087.316508544      1        2.065825            
20443.707656064      15469.993009152      1        1.906693            
9853.873299072       2657.812303872       1        1.081196            
-5968.1685381120005  -20959.544251008     1        0.941692            
16775.179039872      5237.544064896       1        0.828465            
6408.880955136       -23286.304838016     1        1.018348            
12934.795015296002   5152.981084416       1        0.487893            
10723.488766848      16555.15274688       1        2.13029             
12158.804744064      12584.033662464      1        2.221628            
-15140.436372864     -3684.364561152      1        0.501523            
-16743.899829888003  -2561.2339610880003  1        18.84267            
-16656.486701184003  -22253.651557632     1        40.660485           
-12320.382881664     12261.139710336      1        2.060745            
6075.600296832       7590.034843776       1        1.145958            
-19570.408399872     7230.909730176       1        0.900473            
-17782.996923648     -14926.132907136     1        0.350852            
24121.304925696      -9338.625724032001   1        1.128576            
-14942.958598656     17655.057294336002   1        0.453831            
-10464.191261568     7993.606819968       1        43.078589           
-3296.509438464      -19424.502054144003  1        2.065502            
-1511.2609205760002  17995.533329664      1        38.960316           
11090.610710784      3788.3973853439998   1        1.500718            
2283.625339776       23446.3718016        1        1.233729            
-14664.703021055999  -20215.201729536002  1        0.967993            
4672.487293056       -3268.2670606079996  1        1.838647            
807.8858599680001    20430.527128704      1        0.877893            
9217.77525504        -4035.1774129920004  1        32.998017           
21462.705652608      22266.619651584002   1        1.418002            
950.018294016        9510.12063936        1        55.3293             
