trucks_count 15
drones_count 15
customers 1000
depot 0 0
Coordinate X         Coordinate Y         Dronable Demand
6008.246031744       -5344.17276096       1        2.262269            
12932.086489344001   14776.314246144      1        2.101723            
12325.954430592      7734.648886272       1        0.687923            
-9577.25442432       13668.554490624      1        37.042063           
-2470.8660768        5841.855955584       1        0.680383            
-2989.50132096       1503.101546496       1        34.707171           
-8157.734158464      -10823.012209152     1        1.427343            
-13122.217608191999  301.28207155200005   1        1.9467              
-11121.930154368001  7285.246011648001    1        0.724398            
-9163.723827456      565.13723904         1        0.49321             
7920.8548151039995   -15766.582233600002  1        0.20431             
13776.45134976       -561.712555008       1        1.88771             
-1511.074236672      8398.530645120001    1        44.135104           
-6362.733015936001   -3218.3226789120004  1        0.648006            
-10100.971976832001  -6411.426937344      1        1.14631             
-13342.432194432002  1475.380596096       1        22.282456           
-13247.876797056     7426.6510222080005   1        2.047781            
15785.99896896       -8867.120118912      1        11.200376           
-779.0834304         -4530.055521024001   1        0.827969            
6142.140233856       -9210.443083776001   1        1.703906            
13816.272957696001   -9275.032495872001   1        2.168525            
11363.896634112001   8454.1254336         1        2.232016            
-696.54017664        12318.456496896      1        0.703182            
-15404.450865408002  -6304.576151808001   1        0.907343            
14258.211694848      12499.95187584       1        4.228669            
5921.223973632001    -15988.594457088     1        0.21286             
-5606.296274304001   -8516.242893312      1        41.290911           
-13866.365399040002  4593.157899264       1        1.137034            
2393.603080704       -15334.413823872     1        0.213419            
-5232.091607424      -5476.713504768      1        0.473201            
14542.236770688001   16066.151963136      1        1.170743            
3099.405032064       7570.581093504       1        1.399073            
-3116.113241472      -10955.356612992002  1        1.485564            
-2741.697750528      10333.071568512      1        1.759576            
-6161.693763456      13931.740171008      1        1.803364            
-9736.64385408       10632.506113152001   1        2.237449            
12956.93315136       9655.61338368        1        0.887137            
-4428.966187008      6486.192231552       1        1.30012             
-6377.394139776      2330.460468864       1        12.75775            
-293.346396288       -16004.758708224     1        2.2059              
-7463.80755648       -5806.073801088      1        0.58563             
4067.4077452799997   1564.89391872        1        2.189647            
15155.641454976001   6210.012707712       1        1.302399            
572.144322816        -11782.659208320001  1        0.873516            
-11750.573716992     12322.822647168001   1        1.451592            
12405.19370112       10275.511771008001   1        1.635157            
-11741.583921408     -15444.98702208      1        0.692958            
10244.718582912      15299.50232448       1        1.477836            
7335.769757184       7146.1294882560005   1        1.444295            
-6895.173212928001   -2247.653282688      1        53.246014           
6391.12345344        -13385.842639488     1        2.178303            
-9732.911785344      14560.195440384      1        2.129828            
-11341.174306176     4741.397793792       1        0.559343            
5828.059049472       11444.260836096      1        1.319575            
15805.632965760002   6066.579923712       1        0.99273             
-14830.565232384002  -2489.6101063680003  1        1.700186            
-13051.045979135999  -14838.863010048     1        2.176093            
-14018.530483584     10009.496863872      1        2.09994             
243.88964582399998   -9970.093685376      1        1.439813            
4346.109111168       -3607.4105591039997  1        0.406522            
12352.312266624001   10923.956702208001   1        32.075072           
5003.6114304         -13758.841907712002  1        0.455484            
-15871.764129408     7179.405894144001    1        2.175129            
2171.991583872       -12859.609682304     1        1.049986            
-15393.581356032     -15369.368775552002  1        1.617849            
7579.556404991999    4792.479981696       1        0.647528            
14843.866460544      13348.589544576      1        1.689308            
15104.725029504      -2754.900808704      1        1.848716            
-11902.478087808     4352.01218496        1        0.805077            
-7508.542491648001   8825.768024832001    1        0.622531            
11533.30744896       -7043.874989184      1        0.340742            
-3943.6395356160006  12173.045829120001   1        48.854575           
-13983.371145216     7805.577504384       1        1.56878             
-12306.832205184     -13824.19253952      1        57.791683           
-7902.451966464      8954.932364928001    1        0.990917            
4532.598284544       -6040.642126464      1        0.245145            
-6884.619134976001   9512.581326336       1        0.569424            
3440.2286856960004   -7261.307019648      1        10.661336           
-14241.910649472     -1348.375995648      1        1.28639             
-11534.660907264     10278.577571328      1        1.968732            
9753.121927296       4297.991334912       1        1.535419            
-12193.304251392     15309.039297024001   1        2.029437            
7064.807726592       -6646.4442696959995  1        16.863052           
-5262.075295488      -6083.354116224      1        0.39674             
-11123.103366144001  1654.0531856640002   1        0.412101            
-10972.151726976     -9895.785444864001   1        1.919419            
-2861.4570842880003  6121.53419328        1        2.188742            
12165.493177728002   5438.668612608       1        0.787749            
-1476.835443072      -7746.184664064001   1        0.724133            
-5759.52835392       -8638.573958784      1        0.824426            
-320.623167744       -6837.069457152      1        7.566001            
-6278.450061312      8916.528589055999    1        1.221376            
-4401.94208256       2473.206062976       1        0.415799            
13578.722517888      3524.192990208       1        0.769532            
-4994.634509568      -3468.1878190079997  1        14.673438           
11066.731264512      4150.617267456       1        1.161075            
-15420.777660288     -13456.475138304     1        0.829371            
7811.010649728       -3367.0711261440006  1        14.629549           
8333.099546112       61.399692288         1        1.226052            
1817.588285568       -9888.264980352      1        0.443396            
6800.687017344       13906.552328063999   1        1.08729             
-8880.189601536      10433.581538688      1        1.39918             
3065.00369472        3684.820005504       1        1.57716             
6712.313110272       -957.1830935040001   1        1.689629            
-1810.539358848      10390.621709952      1        0.843281            
15363.391671936      -5488.392514176      1        0.206336            
-5932.453976064001   -5981.707949184      1        1.679401            
-13800.995455104     -264.714557184       1        1.809072            
-2050.40081664       -9939.1476096        1        2.118474            
-14128.765719552     1431.263649024       1        2.176512            
-13823.167387392     -12689.360399232     1        1.21565             
-10702.744322688     -14056.432144127999  1        1.084836            
11593.514617344      -12496.131293184     1        16.554124           
-7869.548928384      -1328.637391488      1        1.799151            
-2783.532647808      -13026.281393664     1        1.021094            
-647.93798784        -13080.408460416     1        26.919717           
-13296.897415296     -4104.063773568      1        0.318775            
1987.62835392        -4539.652039296      1        1.538653            
-15595.824397824     -12460.695147648     1        0.623559            
-15552.24175296      7677.433488384       1        0.437011            
-10814.78363328      13446.532611072      1        1.063433            
-324.929772288       5247.929161728       1        24.85766            
-9341.250564096      -8780.294400768002   1        9.245728            
-13956.741330048     8608.261964543999    1        1.800558            
11408.110141824      9829.758888576001    1        0.501737            
4530.13437888        3410.188670592       1        0.849482            
901.065268224        8791.505091072       1        1.816794            
-1847.34988416       -5437.678866048001   1        0.63069             
-12690.512689536     -6168.013657344      1        50.269524           
5958.668580480001    6601.994188416       1        53.389391           
-342.79831872        -4081.4219128319996  1        1.448277            
13157.935388928001   2430.76122432        1        2.055911            
-4050.995655168      7696.568588544001    1        0.410576            
8263.617728256       -6157.6398259200005  1        0.880917            
9213.763160448       -9604.621319040001   1        0.327148            
13162.169572992      -9692.963039232001   1        1.726466            
407.738567808        -7011.383943168      1        1.744084            
9324.513386496       -8675.14469184       1        33.809207           
10724.126067072      8237.837646720001    1        0.349373            
4711.381918848       -15572.508221952     1        1.259088            
-8819.22926016       6442.789833216001    1        0.72442             
-8720.42358528       -5310.310553856      1        0.303491            
-6645.308072832001   1485.055972224       1        1.503463            
11568.317118336001   11566.641791232001   1        2.268841            
-4331.496267648      8270.296505856       1        1.466341            
-8125.909380864      -4897.866264192      1        31.08887            
-6329.934585216      -6198.43669632       1        1.946759            
15362.004417408001   9711.480151296       1        56.357065           
-10541.753595648     11000.241217151999   1        1.614218            
-7242.403665024      1594.18397952        1        2.075484            
13935.274290432      8551.061050752       1        1.057005            
13869.539025408      -6161.264068608      1        0.371194            
6757.057701504001    118.563591168        1        0.558827            
-215.912809728       -2299.9296038400003  1        2.236769            
-323.02109030400004  -12196.205898624     1        0.263886            
14059.773142272      -13322.384596224     1        0.817567            
2967.347091456       3767.778470016       1        1.194942            
-7067.033449344      4322.282773248       1        1.584483            
-8393.1715296        3697.0671133440005   1        2.268723            
10080.43996608       -2613.58270272       1        1.857796            
-1395.018003456      2945.44552896        1        39.276247           
4785.384384          -95.02854451200001   1        1.587536            
-13732.88640768      -1715.317693056      1        1.802394            
-2599.1307936        1109.869605504       1        18.35109            
-3905.836045056      4458.066345216       1        0.981524            
1225.779388416       -11405.795905152001  1        1.547338            
-15127.938207359999  13062.148843392      1        1.424741            
7413.428651904001    -6013.566523008      1        23.343272           
-6359.818493952001   14443.075430784      1        0.718587            
12904.598893824      -3561.1113415680006  1        2.12436             
15892.476386688002   7629.159605760001    1        1.259371            
-14405.032147968     -9575.432646912      1        2.04668             
-11164.84814016      -585.035168256       1        0.527565            
-14736.24801792      -13021.290817920002  1        51.363363           
-13039.535950848     -1154.923190784      1        1.704671            
-7773.8154912        13637.769349248      1        0.241255            
9005.364377856       11152.86657408       1        1.403996            
7171.20467712        12556.690907904002   1        28.971331           
-13220.059286016     -13102.5948768       1        0.327787            
-249.06046809600002  13656.935026944002   1        1.870044            
12096.270464256      -9768.125841408      1        0.380177            
8953.522579584002    1460.6406144         1        0.667602            
-13751.210398464     -129.075826176       1        1.724481            
6611.109512832       12494.637821952001   1        0.707848            
-9672.598400256      -10941.55970688      1        1.742057            
-10442.585818368001  1045.3091616000002   1        0.355629            
5630.7196788480005   -11826.154948608     1        0.387465            
14388.108286464      11408.742614016      1        2.210846            
10441.654008192001   -12430.244749824     1        1.179449            
-9639.239917824      13818.263716224      1        1.563171            
-9379.697792256002   -13303.004875776001  1        40.947062           
-6205.242612096      15258.499458048      1        2.060698            
-4408.4196921600005  10104.377348736001   1        11.896685           
-15178.198020480002  -13911.64429248      1        0.757291            
-15493.88693952      -6168.911671296      1        1.535348            
2858.0903366400003   12593.683289088      1        1.060475            
1831.5686568960002   -4571.797076352001   1        6.113033            
-12956.319991296     15129.975636864001   1        0.590871            
-4190.652918144      4686.992310528       1        0.627782            
-8228.14939584       6405.3371796480005   1        1.336533            
-9272.616870528      -7974.426658175999   1        25.233503           
13185.783477504      8149.429943424       1        0.922837            
2673.525938688       -4863.175244928      1        2.174985            
13816.974631680001   6079.668718464       1        0.611248            
-15370.86063744      -9721.908700416001   1        1.459105            
4629.287672064       -11730.590492543999  1        0.700156            
14795.785699200002   -1835.2653200640002  1        57.458229           
-14526.239891328001  8235.811482624       1        2.111662            
11127.627232128      -3851.6687447040003  1        1.106586            
7160.280450048001    -2024.641656576      1        0.308093            
-12222.98377344      -6174.0261665279995  1        1.018386            
12133.15019136       13488.015062016      1        1.590885            
-3072.1105578240004  -3417.403359744      1        1.325606            
-7917.655439232      -1027.813982976      1        1.894619            
-7780.0307777279995  2621.1079952640002   1        1.418577            
-8313.747184512      -3778.7896016640007  1        2.175056            
6775.212711168       13499.542793088001   1        0.932718            
8488.18719936        -8540.035435008      1        46.410463           
14377.008640896      11435.914778112      1        1.823468            
16081.271750016      -10465.62840576      1        56.855233           
3866.270322816       -4824.330508800001   1        0.341161            
13823.622831744      12938.90045184       1        24.10031            
-13819.745922048     12268.034140032      1        0.92016             
4766.300782848       -9982.067204736      1        1.255774            
4751.99854272        3834.0930988799996   1        1.717072            
1630.3217990399999   -9491.101411968      1        7.474536            
12577.61881728       -454.29528038399997  1        2.078104            
-14871.064374144     10305.233135999999   1        0.411625            
-8831.238185088001   -5811.471540864      1        1.006992            
14689.890863999999   -8735.694650496      1        0.885362            
-10960.941036672     9929.658917376       1        0.454389            
303.15212928         -1100.755890432      1        1.464312            
14114.40554304       -3194.7490080000002  1        0.614857            
-1287.573369984      -4285.953441792      1        1.796329            
-1567.262873088      -6728.443565184      1        0.798607            
-14194.565358336     -10381.163595263999  1        1.667274            
5052.092918400001    -1408.6555845120001  1        0.938499            
1870.1204924160002   2985.55038144        1        29.141277           
5726.2728695040005   13783.888128384002   1        2.225818            
15088.819882752      -818.542935936       1        0.537643            
-13442.686278912     -14911.362347904002  1        1.14965             
1121.160763008       -13651.624191744     1        0.691958            
2873.8667358720004   11015.240303232002   1        0.676831            
-10969.44159168      -13513.333261824     1        1.80041             
1838.53872576        15925.292520191999   1        1.763576            
-4511.082964608      -12291.261801984001  1        1.816339            
5293.158165504001    -5289.146070912      1        1.683021            
6377.592089088       14211.790167168001   1        1.591114            
1516.697284608       -15455.967576191999  1        0.299072            
6098.90681664        3753.8689098239997   1        1.657629            
-4641.644215296      4053.110333184       1        1.328672            
3019.291887744       -9260.176641408      1        0.548807            
7974.6342635519995   -14960.157657984002  1        41.404812           
-3625.069890816      9284.769027072001    1        0.794841            
-4457.144191104      -2876.7265401600002  1        0.431993            
-7423.789608576      -11824.886785536     1        30.067157           
8981.565398784       -11644.31195136      1        1.88722             
-15758.268362496001  -12167.4855456       1        1.912032            
-1106.774836992      14877.376221311999   1        52.353494           
-6831.398128896      -13944.270523391999  1        0.537936            
5142.182386176       10245.391288704      1        0.627923            
3324.9449376         -8233.423216128      1        0.907349            
1141.2083612160002   -8547.665334912      1        1.443199            
11934.67784256       -1000.844596224      1        0.634741            
928.40641344         190.092494592        1        1.711182            
14308.312182912      5262.624081792       1        0.277915            
4037.198749056       -11138.033250432001  1        40.717075           
-3452.1635807999996  -13758.650395776001  1        0.392306            
15694.531902719998   -10628.07558912      1        2.064251            
14048.256676608      -6843.431193984      1        0.84332             
6922.0701792         7072.0610400000005   1        45.412395           
-12556.105106688     -9967.639435776      1        1.908074            
-3190.909113216      1509.184866816       1        21.657966           
-5290.102021248      5748.06982464        1        1.423383            
-10160.562766464001  -6788.109993984      1        21.081235           
2449.5519248640003   -13235.943511296002  1        16.106214           
8466.520601088       1070.360210304       1        1.193537            
-15005.504143872     2731.874314752       1        1.261215            
7885.615009536       14070.208128768001   1        1.757841            
-1852.438629888      15404.9626368        1        23.905464           
8526.154843008       -1269.254207232      1        0.625708            
5313.855938688001    2250.067298688       1        1.333707            
-11044.17148032      967.3605849600001    1        26.055295           
12417.015942144      6681.875587200001    1        1.444254            
12248.820182016      -13945.229692416002  1        2.213375            
-2210.821835904      6941.651067647999    1        1.971256            
16021.159532928      4836.49714944        1        2.212211            
4279.9296672         3712.4170364160004   1        1.337401            
14366.237301504001   -837.0069396480001   1        1.986213            
1120.584617856       -2248.948804608      1        20.838303           
-13061.110816512     3811.206617856       1        1.404713            
8936.539172352       -7226.751185280001   1        0.738248            
-11132.260533504     10350.734118912      1        1.173011            
14019.900035328      -8492.105952         1        2.173934            
-6517.579267584      -13913.5433184       1        0.306818            
-13987.940072832002  5582.986535808001    1        2.166545            
4131.01706688        5535.860115456       1        0.256058            
-2330.025945984      6419.547687168       1        1.869526            
-3846.5928737280005  12375.993763584      1        0.641496            
101.70732211200001   7813.143030528       1        0.230899            
15310.730717568002   13053.648288384      1        0.254927            
11542.772001024001   10856.418971904      1        1.307922            
-4833.13362048       13482.950456448001   1        1.616354            
-14115.997184256     12624.30588672       1        19.568754           
-6964.125556608001   8709.05356992        1        1.156357            
1932.936407424       2096.296088832       1        1.536032            
7373.063085696       -7848.273400704001   1        1.572577            
-1814.453283456      -2973.573643392      1        0.215659            
10002.04077312       2186.203700736       1        0.567975            
-8352.97011648       -1063.860069888      1        0.797856            
-10726.440303744     7166.029026816001    1        1.841379            
-5455.478210688      -7544.289240576      1        1.931957            
-6963.102013824      -5947.671932928      1        0.258982            
14286.574773504002   -9738.945216         1        0.447203            
5817.221726975999    2595.232962432       1        56.440646           
4540.323135744       -6011.759229696      1        0.253773            
-11034.068018688     -1099.24632576       1        1.629732            
5409.724560768001    -14092.919191296     1        41.533824           
-10724.33850048      11756.394714240001   1        2.130427            
4801.419887616001    -15147.887635584     1        45.978547           
5323.346240256001    11439.532583424001   1        2.031533            
7137.899303040001    14659.722101375999   1        1.752343            
-7942.6356768        -8430.582340224      1        19.675101           
-11143.849419648     -10620.424767744     1        0.398101            
1760.4099025920002   726.219698688        1        56.299138           
3434.3948136960003   9349.535467008       1        1.842523            
-11437.976347776     -5502.577272192      1        0.683038            
7065.72022464        12929.497054848001   1        1.719988            
14034.1636512        -1811.390701824      1        12.075619           
6616.056636288       12080.582578944      1        0.838863            
-14492.442057984     5413.746311424       1        40.381213           
3345.7328340480003   -10566.585773568     1        1.991995            
-15928.847561088     -3723.954423552      1        0.389113            
8303.08045248        636.275071872        1        1.730293            
-4164.7827133440005  7785.452657664       1        1.983938            
-11429.733287808001  -5154.590428416      1        1.476539            
7024.45664448        11276.243713152      1        1.225685            
1568.770828416       -102.95939174400002  1        0.888896            
-10455.6263328       6589.1113896960005   1        0.749239            
12853.80638784       6254.813625984       1        1.267386            
2522.049653376       -2406.8946528        1        1.134532            
-6576.986592000001   -1126.943136         1        5.045329            
14329.732551552      -11614.664616192002  1        0.901415            
8465.770646784       -7727.759284608001   1        1.42829             
-11748.66181632      -2492.333116416      1        0.222707            
-6407.960410368      10354.652871552      1        1.678326            
5380.30253376        -12448.67012928      1        2.265272            
-12065.279326848     -11812.768425216     1        1.376047            
10143.476361216      -5813.343207936      1        1.543388            
13791.228346368      13525.380811008      1        1.092484            
-3053.292498432      -876.6965813759999   1        1.775161            
5618.593271808       13019.908391424002   1        2.078711            
-4485.927308544      -12797.492222592     1        34.35372            
-1968.4160052480001  -1522.336425984      1        1.743855            
748.100339712        -11450.262079872     1        0.727567            
3536.673452928       11274.632759808      1        1.703578            
-8016.636532608      1097.641809792       1        1.356029            
-676.4636102400001   -10760.096514816001  1        1.997985            
7583.125929983999    6484.943380608       1        0.777722            
-2742.9144145920004  11998.366022016      1        57.759713           
-14215.292099712002  522.430077312        1        14.969493           
13168.434749184002   -7643.091696768      1        0.933329            
7618.615183872001    -11342.693526912     1        0.591884            
-10738.0259712       2637.447664896       1        1.74411             
-16030.48246272      -11633.040105984     1        25.721537           
2380.338867456       -8692.849085184002   1        1.796814            
-8365.207568255999   -9566.6649408        1        0.257608            
-15765.714797183999  3129.781400064       1        2.21795             
8570.067403392       -13181.401233792     1        1.972674            
-4717.986666624      13488.161512319999   1        0.827792            
5036.73977664        -4110.604147584      1        1.801122            
-6176.922985728001   -12161.931699456001  1        1.996068            
-339.140279808       -14751.111919104     1        0.275537            
6909.473843712       7540.07436864        1        37.134049           
7831.722907008       -13369.369394304     1        1.433973            
-6700.732270848001   5448.50653248        1        1.986716            
-1508.433303168      -1983.9397374720002  1        1.890626            
-12051.871881984001  -11522.872462464     1        1.339115            
7279.719524352       -3187.7934232320004  1        0.807185            
14444.959972608001   -8856.376138368001   1        1.317556            
-10839.239224704     10095.530784768      1        2.387476            
15570.213297408001   2768.0137436160003   1        2.1003              
-14472.365491584     2117.705192064       1        0.765275            
-13791.431123711998  9103.265601408       1        1.73364             
6813.362210688       10497.995532288      1        1.909145            
15233.556235392      10675.924604928001   1        1.455644            
13951.792597248      -10409.504143104     1        44.498438           
-13743.105742079999  -12897.809071488     1        1.024701            
-5497.169876352      13168.664885376002   1        22.362119           
13079.198233728      -15673.689288576     1        1.360845            
10276.049291904      -10935.030598272     1        0.989299            
10506.751972992      -1947.167836416      1        2.10226             
-2074.6198344960003  -1059.661291392      1        1.933434            
-11338.69752576      -8752.713463296      1        2.032735            
15197.444165376      -8233.764397056      1        0.745871            
6138.3180418560005   -8971.968880512      1        0.706349            
-15720.133347072002  -13833.858259584002  1        0.834755            
-9221.727803904      -11543.151806208001  1        1.408001            
-1827.70784064       3525.417700992       1        14.145312           
15017.574223872001   -6238.665468288      1        16.319646           
-5784.278455296      4963.3102379520005   1        1.482419            
-12578.558674176     13382.897539968      1        1.665708            
3830.613697152       682.221843072        1        2.098828            
-1385.31526848       -6004.6845534720005  1        43.289102           
-1698.342332544      8891.694801792       1        1.134419            
-13258.271549952     8702.453650176001    1        0.804954            
8298.423010944       -1527.5329977600002  1        1.229965            
12874.420475136      -4542.251129856      1        1.871508            
-9807.763984128      1767.4845788159998   1        1.667907            
-1072.616510592      1317.407389056       1        0.81231             
8548.391149056       -5940.2335449600005  1        0.85295             
14380.513792128      -8102.847481344      1        2.070066            
-6720.1071632640005  7263.881970048001    1        0.80967             
4584.382146432001    3301.6770420479997   1        0.457286            
11518.438719744      11605.344905088      1        0.701956            
10309.92437376       -12798.94385088      1        43.451533           
11471.294596608      8487.958672512       1        0.521626            
-8324.475071616002   2165.390054784       1        0.508511            
-8796.350825856      -3640.7207612160005  1        2.260503            
-8697.300530688      5631.984623232001    1        0.80334             
3997.140567552       -13466.549631744     1        1.53677             
1506.640493952       13729.019154048001   1        0.299053            
15018.638000256      4489.411538304001    1        1.022373            
-10702.996989696001  11361.369964032001   1        2.264084            
2632.885174656       -13260.436117632002  1        0.344336            
-12562.939990656001  -10939.736320128     1        0.815529            
3233.321764992       -5180.681113344001   1        2.217312            
-3751.310052864      -7377.32945664       1        1.224174            
8129.21497344        -3402.4412885760003  1        1.313886            
4009.091556096       14239.889313408      1        0.788231            
4333.124923776       8639.969260032001    1        47.836109           
12144.198337920001   -8194.995300096      1        37.015423           
11857.43737728       7594.66331712        1        17.18094            
-6601.170204288001   -7102.823650560001   1        1.119311            
-11424.855366144     -2548.37208384       1        1.110746            
7916.152311936       10817.38272384       1        1.864195            
3028.6437857280002   2004.4765762560003   1        26.967996           
-4015.64319552       12071.151823104      1        1.82649             
-8183.004077952      1567.394839296       1        1.104323            
8404.449812352       11624.325508224001   1        14.244845           
85.74906700800001    9561.151328255999    1        1.631247            
6441.602137344001    14782.091791104001   1        15.593712           
-6933.473990784      -13758.425087616     1        0.408925            
-9506.216370816      -3816.7524172800004  1        1.319822            
7080.057870336001    31.678327296000003   1        2.114985            
-14194.22095872      15930.344251008      1        1.632383            
11997.542037887999   8231.707655424       1        57.106614           
6032.447346816       -1268.729561088      1        1.552549            
-4961.694456576      5106.451730688       1        1.467546            
13444.51610304       -5410.699823232      1        1.320103            
10825.394038272      1196.846601984       1        57.047608           
-12447.56772864      1990.1904295680001   1        13.154175           
-2575.7454159360004  193.27416768         1        0.916784            
1213.680340224       12364.694559360001   1        0.903718            
6027.625752192       2445.73617024        1        2.22751             
15698.548825344      -4162.695394176      1        1.383039            
5392.029823488       3982.526114688       1        1.716748            
-1919.406652416      -11361.881735424     1        0.870607            
-1761.045593472      -213.38292096000004  1        44.872838           
-2520.1844236800002  -7779.470726016      1        0.464681            
12748.12076736       6995.705713920001    1        1.310746            
-7598.693114496      -6097.221833472      1        22.528006           
8194.102114176001    -4468.227743232001   1        44.205651           
-3415.974262272      639.0801584640001    1        1.188793            
1524.436619904       -9500.28754752       1        25.948492           
9124.694016768       -9574.267481856      1        2.901924            
2492.370131328       15285.904977024      1        0.849115            
6139.661844096       5972.02613568        1        0.678884            
13145.2424928        -3601.723137408      1        2.25497             
-10439.367130368     -5023.69604352       1        29.589851           
-7436.443880448      9512.602247808       1        0.591261            
-818.565466752       -15623.714329344     1        39.495167           
-321.696600192       -12219.996830976     1        14.937865           
8262.265879296001    12738.337565184002   1        0.506949            
-11283.068941056     -13172.815383551999  1        0.31007             
11594.707141248      -10016.845128576     1        1.208849            
2656.732434048       2889.403342848       1        3.179264            
6398.619777792001    13121.44834176       1        1.703387            
5076.439074432       -10416.450071808002  1        1.922344            
12645.732692736      3170.3642277120002   1        1.117117            
12392.066282112      -13112.194613759999  1        0.775651            
-13944.014637695998  3809.9738603520004   1        25.128643           
5359.16380032        -2334.5948736        1        10.636877           
4326.97883904        -9550.833823871999   1        13.861578           
9651.48541632        -5437.208937599999   1        42.322962           
12217.318882560001   -8036.330075136      1        0.551699            
-15769.828280448     -6857.469501696001   1        0.435181            
-14107.794357888002  9020.730394368002    1        1.031926            
-8067.696189696      14091.789431808002   1        53.324385           
-9897.893685504001   4837.75243776        1        0.896111            
-10443.979510272002  7329.152134656       1        0.3331              
-8382.865290624      -15571.679409792001  1        2.142188            
-10339.846906752     -10329.320187648     1        0.566482            
-10731.971619072001  8348.861461248       1        0.969466            
3304.499831424       6371.025965568       1        7.77808             
-4888.689784704      -7144.212759552      1        17.255913           
-10445.720820479999  11318.254028928      1        0.54651             
12031.85003328       7744.707286272       1        1.163606            
2382.728743296       -13192.175791872001  1        2.148011            
-6132.283001856      -3048.28261056       1        0.757867            
536.487697152        -6691.0826442239995  1        1.580146            
-15132.738880512     -12779.591489280001  1        1.229188            
13266.968444928001   -2145.286129536      1        2.066421            
10321.939736064001   -10287.498165120001  1        23.146359           
11593.809127296001   -14594.426187264     1        1.213986            
12581.15937408       -15635.245279104001  1        0.757119            
4158.784688256       -11275.913797632002  1        1.56205             
11586.103588224001   -12269.460018816     1        12.392385           
-8320.033282176      -13075.274653056     1        26.610374           
-13506.022012032001  -12755.70882432      1        0.650857            
15132.631054464002   12850.505623296      1        0.912347            
232.89782630400003   9384.14119104        1        0.744057            
-2277.51948864       -15550.42319424      1        1.187631            
-15527.733053184     13319.006583168      1        1.796252            
-2564.4961013760003  -14349.839695488     1        5.947815            
-5129.4218976        -6816.358809216001   1        2.080999            
-5553.5226658560005  -12233.11459392      1        1.984632            
-1405.8022176        -5649.462099072      1        0.69937             
14776.758425087999   -5533.486333056      1        1.035036            
13976.986877567999   -15729.831254015999  1        0.548404            
-10840.454279424     11077.21935936       1        1.654989            
-13094.575515648     -5772.279186432      1        1.921619            
-11689.610156928     14435.612902656001   1        1.848774            
-5137.5088512        7507.779662592       1        56.863346           
-13860.531527039999  6244.462325376       1        0.750961            
-2182.798328832      -2309.588886528      1        0.567848            
2426.5914140160003   8881.670198016       1        0.457763            
-5317.766644608      6466.756184064       1        2.04235             
579.6454752000001    -7470.3237903360005  1        1.983775            
3261.3034291199997   -12946.417697664     1        1.045564            
9610.770622464       9740.025085824002    1        1.213446            
-4053.813616512      -6094.627570944001   1        1.806412            
-3956.4112896        -1962.2506083840003  1        0.42663             
5852.418080256       -2618.8661790720003  1        48.559368           
6421.66075584        -15050.572213247999  1        0.794376            
7094.062381824       -13873.539854592002  1        1.993481            
-5197.9992641280005  -13160.3703264       1        36.177578           
11660.838304896      -1815.0358659839999  1        1.660731            
11818.241804160001   15035.695437312      1        0.510545            
-1346.72319936       14070.259627776      1        1.105577            
-2169.7690798080002  -12817.126219392001  1        0.833633            
-11781.326671488001  884.818940544        1        1.618033            
-7798.227630336      -14656.125217536     1        1.846686            
-5827.835350656001   13485.074790528      1        1.200912            
-6062.52759552       7010.976779136       1        0.315267            
-15968.93310144      7135.834514688001    1        31.020595           
13246.687491839999   -6233.039201664001   1        2.095322            
1916.735141376       11671.049592576      1        1.63355             
12170.303506944      4333.821769728001    1        2.105683            
-4308.041688192      -15812.149199616002  1        2.112568            
-11746.123880832     5747.873484672       1        1.232035            
6558.199110144001    11839.705625088      1        1.158155            
10561.17515904       4175.663488128001    1        1.956657            
12954.6559296        -13116.932522496001  1        0.452195            
3199.884424704       -3868.1339431680003  1        1.031192            
8340.988550400001    15977.720119680002   1        1.176833            
-8724.34233792       -4765.433346432      1        1.842361            
7101.009919872       15098.292481536      1        0.221225            
5314.967995392       -10342.693836288     1        0.242996            
677.1411440640001    -5271.2952272640005  1        42.284674           
4150.686469248       -7452.044861184001   1        0.27004             
-2972.591943552      -3614.927804928      1        24.939319           
5916.651827328       14881.480048512001   1        0.311363            
-15024.438076032002  -6635.289906432      1        0.323253            
6916.035139199999    -9383.23191168       1        1.786787            
1122.528705408       8773.248692736       1        1.270656            
12006.415960704      -4762.88575488       1        39.388761           
-9016.620129792002   -3767.714096256      1        0.767891            
-15504.318707328     -3502.1771642880003  1        0.536333            
-7932.855693312001   -16080.576513408     1        2.263839            
6230.718527616001    -1986.2233966079998  1        0.765201            
-12541.941270144     12765.926549376001   1        1.290651            
1013.2365450240001   -9033.016126464      1        33.434183           
-12613.487876352001  8599.857970175999    1        1.183361            
-15447.407475455999  15794.620224768001   1        1.156843            
12479.921980416      4208.48284032        1        0.600709            
-6213.344049792      -7649.9362368        1        1.660404            
-15075.154942848001  16022.063984256      1        1.558253            
-819.4377312000001   10676.68582464       1        24.485871           
-5736.358628352      -12028.909761792     1        0.62899             
6937.558505856001    16076.575684224      1        2.133021            
2740.1737017600003   12438.819334656      1        16.86672            
-5727.481486848001   -9289.468311552      1        1.605566            
10334.537680896      5443.7460929280005   1        1.612065            
10583.564352768      -4471.14387456       1        0.928224            
-5850.778158720001   -10376.010475776     1        10.952378           
-1829.4571975679999  9253.980667008       1        11.406194           
-12994.614331776002  -15380.053210368002  1        15.033756           
7543.8               -10971.913544064     1        0.879654            
5321.468135808001    -712.5708522240001   1        1.41843             
14878.779569280001   8741.861656704       1        1.733529            
-389.866802688       -8023.61786688       1        34.888581           
64.121092992         10084.802897664      1        0.637239            
13028.346182016001   8049.805112448       1        39.735055           
8551.014379776001    61.18725888          1        1.437776            
-5150.5847712        5791.543034112001    1        1.02884             
-13259.895378048     -6034.257858816      1        17.503833           
-14313.816139392     3148.296902784       1        0.502816            
-14945.258351232     -13779.444729600002  1        53.943491           
-11402.953803648     12009.153454848001   1        1.709895            
-15712.704615168     6722.390822400001    1        2.063812            
2669.929054848       -374.39778816000006  1        0.55891             
328.986928512        -6744.3342278400005  1        1.430053            
6043.707926784       12601.800820224002   1        0.681525            
-3032.725082112      8246.758240512       1        26.235453           
-3636.914662656      9000.267585408       1        55.792278           
-13058.181810432     7211.069737344       1        2.108931            
-3539.0182671360003  9471.65731776        1        1.321078            
-1899.0500601600002  -4018.366205568      1        59.869874           
-10849.427981568     -6476.272235136      1        0.262184            
-15936.694722432     10673.1291744        1        13.507351           
-10249.575583104     3975.47396928        1        1.177854            
-8536.790997504      -11617.606497024     1        0.276315            
4844.820676608       556.522420608        1        2.248148            
6696.728222976       6813.394397568       1        1.86015             
14842.511392896      -13150.387565568     1        0.640481            
-7781.40354816       3421.040477184       1        7.392948            
4357.5402816000005   15109.163600256      1        0.580534            
-485.23491878399994  -15096.99052224      1        1.465096            
-9129.291912576      -11438.301435264     1        0.921209            
13065.848725247999   -108.65325081600001  1        0.377737            
7149.859947648       10696.395460608      1        0.406259            
7096.515022080001    -7449.162526079999   1        1.571287            
-4698.877315968      4964.856817536       1        1.002832            
-3654.55468224       8395.89936768        1        0.279389            
-13700.28914496      15103.569520512001   1        38.834871           
5874.767040384       -12535.21260288      1        2.074954            
-8664.534286848      8308.587627648       1        0.650206            
4765.63773312        -10955.37592512      1        2.027036            
8253.256771584       -5133.7059713280005  1        0.868559            
-3840.139404288      -12193.441045632     1        28.682816           
-10079.611153920001  -11194.867233792     1        1.728787            
15118.135693056001   3905.16977664        1        2.076296            
11846.197718784      -900.1511608320001   1        1.279774            
-1522.3187232        -13330.473159168001  1        2.191257            
15135.302565504      3686.1348395520004   1        1.490757            
-15707.046161664002  1933.742688768       1        2.089268            
-1950.080749056      -6938.730108288      1        1.769582            
-9909.711098496      11555.184871296      1        6.009878            
846.00800064         -8482.060426752001   1        13.052291           
-13541.501609856     -15231.224295936001  1        1.884595            
278.873565696        1087.358101632       1        0.655845            
4906.26221184        -1391.17328064       1        2.230862            
-378.80900006400003  -8092.903344768      1        1.786054            
-2304.599920128      -14377.422242304001  1        0.294585            
9853.07989248        706.8946959360001    1        2.16788             
-5917.688244864      -27.191476224000002  1        0.272754            
8309.266770816       11952.752385024      1        22.080274           
2530.664471808       -14017.795013376002  1        1.922999            
-2347.937944704      -21.496007808        1        2.228706            
10020.113706240001   4980.435267456       1        0.278635            
6348.400198272       -2531.799059328      1        2.191059            
-13993.106067072     -5372.342718336      1        30.299569           
-7000.091176320001   -5927.917235328      1        0.319563            
4501.8807356160005   -14464.064495232     1        0.94021             
7787.705739264001    -3301.079975424      1        1.547724            
9044.146349568       14548.548617856      1        1.531516            
4529.085086592       6535.803479040001    1        0.789795            
-12800.788159104     8219.12902272        1        54.452709           
8385.855451776       -1476.6455404800001  1        2.028836            
-14275.86297984      14359.540821120001   1        2.107671            
-7231.004681472      15498.053531136      1        44.993235           
4632.379221888       -11242.34610048      1        0.562618            
12688.734364416      11102.16419136       1        0.249145            
-5837.583147264      -7960.719875328001   1        1.494087            
12957.591373056002   15902.138888064      1        0.442666            
15197.608318464      -10038.307340160001  1        0.614229            
-13068.38827008      -12021.136630272     1        6.88132             
-3860.9144259840004  -12915.690492672     1        0.95825             
-13379.122018944001  -12722.67703872      1        1.329761            
14649.372410112      -5425.91134272       1        0.803525            
-5375.783495808      7175.126648448       1        8.261315            
1029.3991868159999   -15501.29796864      1        1.965474            
-11917.422456192     -2931.1384608000003  1        5.572653            
-449.80521062400004  -210.07089100800002  1        5.647533            
-13395.42306432      8182.432760832001    1        1.157026            
-1117.441569024      -10728.48256128      1        1.286637            
6227.037957888       -5538.4028789760005  1        2.265753            
-12350.607971328     -1916.0559982080001  1        48.489277           
-6431.632251264      -1886.051388672      1        2.228636            
-3517.193953152      3601.813260672       1        0.650358            
-8348.832493056001   10822.201099776      1        1.047231            
-5991.895096704      -7871.119648128      1        54.678804           
-3018.61435392       5666.783468544       1        1.492858            
2298.160934784       3067.6381908480002   1        0.453388            
-7620.602723712001   10529.908823808      1        37.572898           
-13801.539413376002  7060.708727424       1        0.484012            
-9440.551916928001   4233.640105728       1        1.669585            
-7485.366328704      -13451.4201888       1        2.174349            
15222.961923840001   11169.898261632      1        1.742289            
4285.993675392       -10064.624942592     1        0.359145            
4714.598997504       -15761.828231424     1        1.830597            
3797.990684928       -3783.194376192      1        7.235397            
10189.579238784      784.970410752        1        54.095236           
6909.716854656       8990.394259968       1        0.942149            
-115.715052288       1650.593096064       1        1.163233            
11050.766572032      13300.545798144      1        0.554119            
8486.278517376       -1424.987207424      1        1.568696            
-11654.545769856     -5788.314690048001   1        1.929845            
5065.580830464       -2969.938135296      1        0.524705            
5532.282543744       -13501.747594368     1        1.677479            
-12742.481625984     11731.69128384       1        0.923206            
585.558205056        -2584.806022656      1        2.193465            
-3170.23869888       -11077.08256512      1        0.879038            
8658.550745856       10181.57114304       1        29.796043           
-11590.324897536     2985.50210112        1        0.652698            
14555.949990912      -14540.620989312001  1        0.228395            
14658.241504896001   -4327.25242752       1        0.790019            
8746.047560448002    8517.866721408       1        1.470902            
-8736.610367232      -4819.180608         1        2.227107            
-4980.464235648001   15602.474207232002   1        6.898169            
-14587.042516992     -8458.92932544       1        29.184481           
1075.5439073280002   6352.75669248        1        1.305168            
10863.558021888      14559.025447296      1        7.119321            
13294.185670656001   -2839.2867613440003  1        46.508436           
6747.654304512       7332.5591159040005   1        0.638048            
6449.307676416       -6749.754498432      1        2.164862            
-6312.077304192      -14185.018729727999  1        0.930125            
-4382.795716992      15382.913014656      1        1.779197            
7212.510100224       -13660.834467456     1        0.820984            
-8763.53791104       -429.165373824       1        1.497856            
-13470.503789952001  11592.86122368       1        1.381667            
-11335.364574336001  8745.920422272       1        2.134394            
-3929.00416128       -14249.930010623999  1        1.710525            
-8047.088539776      -11526.067010304     1        1.033274            
-2474.3873214719997  -9638.889080832001   1        54.234717           
-14750.474618880002  10537.350430464001   1        1.847692            
-15134.005434240002  -3158.66751552       1        1.212966            
-6379.241666688001   -13547.065112064001  1        0.437257            
12620.82165696       -5878.891789056      1        13.265352           
14018.66566848       8498.852322048       1        1.005202            
-4406.739537024      5302.592140032       1        35.707063           
-6830.509771008001   2915.952690816       1        1.714225            
-7914.565498752      6613.066475136       1        1.885896            
6500.035808640001    10846.143310464      1        27.43919            
-3447.739494144      10805.084116992      1        0.558585            
-14725.050202368002  1851.329791872       1        1.509861            
-3076.201510272      4330.685158272       1        2.074428            
-3196.633549824      -15582.14336448      1        2.200058            
-4297.577733504      11132.300767104      1        1.272587            
-11636.596756224     -13852.528259328     1        2.224749            
-16071.184381824001  6287.402841984       1        30.009824           
-3609.1631347200005  -4193.639860608      1        1.489094            
11351.551356288      722.1126528          1        0.851769            
-13949.927367552     6547.701359232       1        1.916771            
10899.058541184      11532.835911168      1        2.242471            
2512.0089561600003   -5093.267984640001   1        1.990505            
5248.777286016       -11850.909878016     1        1.494171            
276.063651072        14337.373716864      1        1.418828            
224.31519475200002   6528.752942976       1        13.705276           
2721.218848128       6505.019947008       1        0.617598            
-7774.134141312001   -3048.4049207040002  1        0.522253            
-10780.797506688     -3182.3248723200004  1        58.290447           
8831.898016128       2636.0684570880003   1        1.478359            
13707.143341056002   -15268.306800384     1        0.725942            
-707.989049856       3450.559064832       1        51.83228            
-12717.88924032      -8010.044659583999   1        39.124907           
12141.425438208      10389.356765568      1        1.739458            
11006.961837696      -7870.393833984001   1        2.15775             
-14835.517183872     -14568.819914880001  1        0.718935            
-9223.084480896001   -9044.225207424      1        1.206921            
5905.671273216       13446.843214464      1        0.553911            
-5029.108267392      -5853.126191616      1        43.258144           
-15028.789742208     -1390.861067904      1        32.071616           
10453.102881408      5883.579808128       1        10.119019           
1533.281574528       -9149.71609728       1        1.047778            
-3825.980395776      9096.11689536        1        0.593662            
-11112.779424384     15790.312010880001   1        1.108951            
-10636.949511936     6052.474023552       1        1.13157             
-3999.593207808      -4868.235022464      1        43.236093           
12483.868091904      -5236.364415744      1        3.715597            
-4364.727611904      4597.403348736       1        1.405129            
15490.069575552001   1445.831430912       1        2.058522            
-1966.452605568      7470.769578624001    1        0.251288            
10967.93685504       7331.371420032       1        1.597544            
-6897.99439296       7625.126589696       1        1.555222            
-11267.406805248002  -7309.228455936      1        1.616655            
-787.20257088        -15714.981836928     1        1.751474            
990.586637568        10483.297393536      1        1.490113            
-1860.9230914559998  3255.776941824       1        0.333119            
-12986.61750144      -2939.01619968       1        22.447492           
815.7281932800001    13886.102393856001   1        2.221385            
16070.962292352002   -11312.190020736     1        2.053739            
-1504.3890216959999  9883.095767424       1        1.41851             
-984.2619156480001   -6187.885837056      1        0.469521            
3449.85417216        -9870.679678464001   1        1.570314            
3997.9709890560007   3885.6870581760004   1        31.62794            
7442.425812096       15983.541116928      1        1.601921            
-134.069620608       -13291.367709312     1        0.912913            
-13590.919736064     -13814.129311488     1        0.579696            
8797.24562112        -5733.592166016      1        48.704198           
531.609775488        -1341.397880064      1        1.282545            
-3331.24551936       -9248.626379520001   1        1.474925            
12278.927789568      -573.024633984       1        0.201404            
6285.610032768001    11562.40438848       1        1.038408            
-10953.427009536     6406.78237056        1        2.091013            
9960.848004096       8023.093220735999    1        0.50336             
-9086.583141504001   3836.1884647680004   1        33.585749           
-14374.03296384      -6290.204709888      1        1.422443            
12514.262162688      15269.835677184      1        1.513055            
-15660.722803968     1698.8364011520002   1        0.992369            
14406.742880640002   -15162.247812096     1        1.553649            
-4830.79202496       14417.303395968      1        0.857667            
-13908.187421568     13922.401147776      1        0.478812            
13291.131135743999   2475.9355104         1        0.687378            
11296.027378944      15179.483886336      1        0.947085            
5245.738844544       -1155.753612288      1        1.632154            
-8192.244931199999   6105.117275136       1        14.676459           
-5551.694451072      901.253561472        1        2.243696            
-4974.960279168      3668.2646837760003   1        0.432938            
7940.289253248001    7227.605746944       1        39.366408           
-8637.753193344      8032.715488512       1        0.931806            
-4056.7973402879998  7446.4829683200005   1        0.22477             
14320.49008896       8450.15840064        1        18.439684           
15775.721698176      290.05689715200003   1        1.790782            
-15737.375858688001  6964.584219648001    1        0.868487            
-3037.557942144      -6646.679233919999   1        2.151201            
15613.940783232      -13758.594068736     1        0.540323            
-5844.168582912      -751.0824541439999   1        0.387922            
15903.088401024      -9777.746499840001   1        1.827321            
-2666.024786304      10302.769230336      1        1.777924            
10406.417421312      -67.581182592        1        1.067772            
7810.910870400001    -10494.295650432     1        48.335547           
-3043.49481216       15592.287059712002   1        2.244908            
-12364.206928128     -1654.420116096      1        1.280328            
-10649.644017408     8413.373624832       1        2.020508            
-11957.100832512     9845.519194368       1        1.253716            
-15805.220973696001  -2355.8028088319998  1        0.817345            
12074.925734784      9789.565522176       1        2.131511            
-3792.4320107519998  -1909.4818279679998  1        2.107665            
9971.60807808        6188.095051776       1        2.132227            
-1983.7482255360003  -1586.344864896      1        1.003593            
11160.1166688        -5074.65592128       1        2.215765            
12980.070690047998   -7069.70335104       1        0.839566            
6145.004866176       5262.294166272       1        45.837337           
-9280.039165056      9538.610856192001    1        1.892272            
-10330.892516736     6352.0501904640005   1        54.935971           
-11632.328775936001  -3436.795954944      1        1.129993            
-633.762885888       14244.04624896       1        0.306056            
14407.378571520001   -12435.718128768001  1        35.962406           
2976.169515264       2458.0943228160004   1        7.7261              
-1850.958033408      -1613.1613639680002  1        2.01812             
-2287.212567552      6977.766356352001    1        1.046789            
5952.950581248       -3468.990881664      1        1.070592            
-14234.580087552     14978.940311808      1        1.467324            
13661.241631488001   15200.11728576       1        1.060638            
8004.178600704       4127.085439488001    1        1.747467            
-12960.929152511999  10560.850071552      1        2.119357            
4931.940904704001    -11139.063230592     1        0.920695            
2041.5317218559999   5481.9889344         1        0.762371            
14676.82299072       -1460.077344         1        0.368904            
11594.668516992      14059.766704896      1        0.287543            
9693.452279808       -11761.872921216     1        1.258524            
2402.3900989440003   -2973.1664793600003  1        1.220808            
3217.04646912        -12260.378490624     1        0.256153            
-7795.85545728       -5866.039567872001   1        0.301765            
1400.698987776       -4446.321352704      1        23.955904           
15471.855020160001   -7358.554849536      1        1.227792            
-13590.388652544     1748.297979648       1        0.278941            
-1318.7978622720002  7953.773946624       1        1.200953            
-10735.343194752     8520.409484927999    1        2.16148             
-15054.545683584001  -4097.545930368      1        15.080401           
5999.985268992       -2661.70208832       1        2.064952            
-1112.4429465599999  5895.101101824001    1        0.399807            
-8513.148124800002   15679.297852415999   1        1.89154             
-3202.41753216       -16083.917511552001  1        1.080827            
14926.982640768001   -648.0023616000001   1        1.043289            
11432.72344896       -13315.509478655998  1        2.152721            
-5957.624116224      -10521.160429824     1        1.927001            
-3428.382304512      11206.419105024      1        0.701034            
-11476.08722304      14043.848683392      1        2.135516            
15839.374472064      -5783.090759424001   1        32.810395           
7305.945394176001    19.968740352         1        1.012465            
13829.039883648      -10393.016413824     1        0.924603            
-5050.452996864      -276.89407257600004  1        1.815513            
-1797.719324544      -6918.2479872        1        45.364096           
-3933.141784704      -8827.7346432        1        30.91921            
5525.494330752001    -10783.655701632     1        1.938421            
-12105.63845568      -10612.07870976      1        20.349427           
2535.568142976       14947.688460672      1        1.911094            
9887.915752703999    11820.533510016001   1        0.80585             
13947.8223456        12265.159851648      1        0.839255            
6241.312839168       -13712.059886976002  1        1.545151            
6750.757119744       1023.5701428480002   1        8.894465            
-14011.236936576     -99.116278272        1        2.039588            
4743.554314752       -3493.897089408      1        30.534589           
-3325.678798464      -9434.222366976      1        0.928175            
-4880.565816192      -8088.669160704      1        1.338374            
9063.35065152        666.5243016960001    1        1.341169            
-3421.185318144      -3730.224427776      1        1.314419            
-9092.988330624      -991.7984736000001   1        2.000927            
-7862.794511616001   -12364.163475840001  1        0.700008            
-669.715630848       14504.898380544      1        27.568343           
4056.7249198080003   499.14286963200004   1        0.290792            
15044.126790528      -12397.562191872     1        1.325911            
-7763.111744256001   7109.45414784        1        30.005597           
1299.19122432        242.29478592         1        0.753701            
14666.774246784002   4243.8980643840005   1        1.426946            
-10867.772893824     8726.043414528001    1        52.775925           
-6564.950308224001   1771.6061088         1        1.57331             
-7703.849260800001   10835.635903488      1        1.560542            
-10417.983776640001  -1255.845153024      1        0.943023            
13857.560678016001   6665.753179008       1        0.583434            
-13165.459072128002  -8547.279092352      1        25.999961           
15318.751688064      2095.608898944       1        2.02858             
-11574.085007232     -12726.870989184     1        2.004853            
3171.411910656       14378.268757247999   1        1.975888            
12968.689409280001   -7322.355874944001   1        1.781287            
-5075.7422284799995  -13217.275120896002  1        2.160678            
-2522.593611648      -7259.744346623999   1        1.940147            
2828.7841824         6962.970047616001    1        22.777119           
618.2053574400001    10857.798179712001   1        0.939255            
11552.782120704      233.68318617600002   1        1.508254            
9308.358791424002    1307.595218688       1        0.481252            
-1515.271405824      -555.514971264       1        7.501574            
-7930.940573952001   -2459.816320896      1        0.368677            
4535.26013952        12386.25976896       1        1.467734            
-11802.557137536001  -14431.431826944001  1        29.2856             
-15025.900969728002  3305.441297664       1        2.048737            
6239.124131328001    -201.966234624       1        0.294227            
-11165.82984         1022.0493127679999   1        0.989952            
-14528.653907328     -14161.491729792     1        0.633926            
10095.170291712      -5010.417346176      1        0.415123            
-5811.21243648       8056.031664384       1        0.822202            
-1937.088514944      -3459.4539091200004  1        51.546019           
-13821.284454912002  -7617.005839872      1        28.685607           
-8920.041787008      -10393.407484416     1        0.373745            
-13059.7058592       -9087.97361472       1        1.703306            
-2995.518658176      -2431.924780032      1        1.942516            
9056.296896768       10163.004141312      1        0.303898            
6890.902013952       -2567.849974272      1        0.593581            
-6609.933082368      10746.294780672      1        0.982095            
-6870.859243776      -16001.335633536     1        1.329281            
3751.825042944       7106.832526464001    1        41.709167           
5760.173700864       -13400.893224576     1        0.212198            
13829.410032768      4711.803566976       1        28.690845           
-3117.632462208      13618.600452864      1        0.255478            
-14929.514138880002  -13421.259472896001  1        0.466231            
-14579.2886976       -8966.257318656      1        0.670658            
-5388.249474432      -13594.275218304001  1        1.990718            
10755.851065344      -9859.224367872      1        2.096558            
-2994.6270816        10030.437648         1        1.650293            
2904.408866304       707.277719808        1        1.781722            
-12556.322368128     2609.3807055360003   1        1.125167            
6620.763967488001    8343.100009728       1        0.865215            
-11054.263676544     11673.016210943999   1        0.260866            
5055.6737088         -6448.636579968001   1        1.155006            
-12776.952165120001  -13219.040571264     1        1.83512             
13857.824610432      -8282.50498944       1        0.53114             
4567.868667648       -10356.349120128001  1        1.732803            
-6897.872082816001   6082.436790144       1        46.568538           
10535.68315008       -14448.706525439999  1        0.676936            
-13631.948352        2781.722135808       1        53.308207           
6708.376654848       -8039.473123968      1        0.56739             
15960.585434112001   -7034.767711488001   1        2.099062            
12671.305168896      10175.86601856       1        0.730826            
-9739.671030144      8202.52059264        1        2.024812            
-15778.586330496     3838.3240642560004   1        1.735344            
-10675.126370304     6906.493338624001    1        1.450982            
15733.323530496002   -13203.692257536002  1        1.21023             
5838.851310336       -5795.3652261120005  1        1.873648            
-2678.60020032       4603.9710816         1        26.760068           
-10812.611018880001  14273.267107968      1        1.000475            
-5123.782756224      14445.72923904       1        0.26398             
3596.1049175040002   13715.90782848       1        31.543881           
-7124.298736896001   -7189.181049600001   1        2.261738            
6099.627802752       11808.52941312       1        1.575697            
14615.455485312      -232.36513344000002  1        0.477549            
-5211.649719936      5865.93013248        1        1.509196            
-13865.60900736      15438.842546688      1        0.591493            
-12867.33292416      2423.738047104       1        1.617969            
-8673.765484032001   -11474.651688192     1        1.178023            
1755.0668805120001   -6709.928062464      1        2.196874            
-12435.166123776002  1311.3964892160002   1        1.006415            
-2716.9492584960003  7103.135863296       1        0.70176             
5514.957955584001    -13566.143885184     1        2.059071            
-7909.256272895999   7448.402915712       1        2.261021            
-12058.486285824001  2870.207087616       1        0.608495            
3103.561967616       -7056.384420096      1        2.196549            
1839.233962368       -620.722371456       1        0.903144            
-15592.66847424      -12271.713100416002  1        1.020065            
8439.13439424        3967.8601628160004   1        0.648939            
-347.97235968        5130.535563648       1        2.006299            
16064.087174784001   14976.001649664002   1        2.223278            
9281.075582592       7779.337150464       1        50.115331           
-15363.953332992001  -8574.430334976001   1        23.440275           
-10967.153104512001  -2731.492900224      1        0.537816            
-2644.395202944      4986.339950592       1        28.499535           
-11716.140192768     -10686.14072064      1        53.698877           
-4330.55962944       10583.791270272      1        0.754552            
3623.563544832       14839.357078656      1        48.593078           
5094.400962816       3859.7251207679997   1        0.340796            
-3632.118817536      10525.491174528      1        0.239716            
3712.194946944       9120.139573248       1        1.759619            
-10168.223243904002  -15865.077305088002  1        0.915051            
15801.342454656      2735.1026588160003   1        1.102226            
-9414.242361216      14975.061792768      1        0.561232            
-7840.984681728      -12605.054913792     1        1.212282            
2573.7787975680003   7905.455002368       1        0.482878            
-14967.473735808     -5117.245600896      1        2.234964            
