trucks_count 15
drones_count 15
customers 1000
depot 0 0
Coordinate X         Coordinate Y         Dronable Demand
5720.561307648       -16266.965907456002  1        0.503396            
12300.410922624      -4379.214926592001   1        2.000645            
-7821.295967232      -5326.8336887039995  1        1.653925            
-9340.457157504      10213.038646272      1        0.798981            
-11376.238693248     -19250.74761984      1        0.208298            
9319.299111936001    22470.92426304       1        0.958087            
-5872.0536864000005  -9051.435068544      1        1.677829            
7191.681970176       11358.505331712      1        52.14253            
-18274.062495744     17879.198679936002   1        1.957252            
5980.470363648001    -2440.228995072      1        1.103746            
4543.72528896        -2433.101210496      1        0.311273            
-6040.951120512001   -8975.924648064      1        1.111626            
-21884.167096704     -18355.360117248     1        1.021375            
-1979.298389376      4604.070860928       1        0.853018            
16710.826201344      24074.65165248       1        36.057659           
4979.862340992       -13620.396480768     1        0.847576            
-3757.168065024      -18053.759395584     1        0.884287            
-19951.732804608     -15409.206476928     1        0.435279            
11712.456404352      -17653.716710784003  1        0.835092            
22457.595676032      7610.560417152001    1        34.051495           
-1503.000157824      14626.566396287999   1        2.256398            
8529.891739776       -20708.602459776     1        2.051097            
8115.942713472001    4741.196625792       1        2.06386             
-3616.4953059840004  -17160.911437824     1        0.288191            
-3828.582705024      5239.855082880001    1        0.58404             
-1686.6472296959998  -19058.273296128     1        16.09363            
10398.230688384      4671.145100160001    1        1.761499            
-5613.380606592      -4808.06808768       1        0.268074            
22604.058854783998   -2411.471627136      1        0.282139            
-11858.835897216     12787.253576064      1        2.222986            
5143.516532352       9638.984032128       1        1.29533             
-7709.399888256      9722.822807808001    1        0.952287            
23898.581372160003   16173.969964416001   1        2.142616            
-22309.700181120003  -4382.8391692800005  1        0.209772            
-19786.662390528     -18980.653025664     1        2.008189            
22978.025338752      19467.595458432      1        1.573068            
-9522.169797888      -3398.232854016      1        1.780863            
-15134.019918336     11032.859401344002   1        0.923264            
-3199.6446324480003  -22189.218251904     1        1.429266            
2355.976617984       -3727.926284544      1        1.499522            
-9994.990237056001   -16789.515076224     1        0.258465            
-3809.909486592      3449.3053858559997   1        0.909147            
-5059.048503168      2011.523893632       1        29.961033           
-737.687884032       -7661.414078208      1        34.733234           
-86.991480576        8454.572831232       1        1.034439            
9610.179993216001    19187.407058688      1        0.862496            
2338.009901568       9573.683289984001    1        0.662349            
-5548.0895205120005  10440.456656256      1        37.652584           
5459.686645248       -15010.240443264001  1        1.506714            
-21246.369585408     -10151.189947008     1        0.337962            
18472.24355328       -6988.732426367999   1        1.849645            
-23882.249749248     -7285.23474624       1        1.242653            
-8379.028614528      4360.474115712       1        2.264828            
-15025.192858368     21972.352710528      1        1.466475            
-23157.085780224003  19068.342961536      1        0.563334            
-14987.819062655999  13526.457462144      1        1.306402            
22044.462587136      24016.317760512      1        0.390565            
-14425.372646784     13973.013407232      1        2.193662            
4229.438108544       13741.473867264      1        7.268733            
-1858.6313856000002  6929.975276928       1        1.668794            
3002.417915904       -19798.21426176      1        0.411513            
-13496.588037504     -19586.635415424003  1        3.235585            
11544.711260544      -23248.926214272     1        1.311373            
-22473.220796928     -5893.3372608        1        1.740033            
-12598.146           8407.934042112       1        0.933495            
-3927.06490176       11384.830980864      1        1.376241            
-22329.305209728     -9560.48505984       1        1.157557            
-9661.658079744      17259.076593792      1        1.6656              
-14322.45348864      17797.006263168      1        1.903081            
-9658.898054784      -18775.342574208     1        1.036963            
16063.197207552      -5366.499190272      1        1.670883            
-19067.742676224     21657.790332288      1        1.314588            
17726.238579456      8810.33763456        1        1.44024             
2650.352994432       -19086.28070976      1        2.215384            
-17615.591351424002  9698.943361536001    1        2.262417            
-22527.949758336003  -21686.792320512     1        1.940939            
-23003.94704256      20778.431895936      1        28.598731           
-18414.535696128     -7887.880965888001   1        0.836781            
3348.621606528       -15332.015901312001  1        1.750382            
-17044.158358656     -2940.2119422719998  1        1.491474            
-14380.227328896     19770.747587712      1        20.162665           
10620.320160383999   -552.15787968        1        19.439612           
13149.47506752       -1453.831479936      1        0.451601            
15474.579639552001   -24100.188723072002  1        50.286825           
7758.919403136       -19358.132707584     1        1.814749            
2524.193299584       10457.158428288001   1        1.532367            
11437.622292095999   -11052.995513472     1        2.26925             
9317.810468736       21897.333139968003   1        0.349391            
-12565.698406272     8368.904231424       1        1.58395             
-11455.223687424     22611.054673152      1        59.036618           
13310.913192192      -2764.9640367360003  1        1.845932            
8671.029599231999    -7981.588238976      1        40.142336           
-15750.073582848001  1316.213255808       1        1.75942             
7944.088914432       12591.501018624002   1        1.354265            
-17109.425304576     23159.03147712       1        1.189423            
-13141.655265024001  -10196.108347392     1        1.437327            
-4528.592627328      13400.376625152001   1        0.540153            
17483.00393664       -12767.268742272001  1        0.50843             
-6350.123805696      10274.43029184       1        0.263241            
15851.574908928002   7555.313246976       1        1.343299            
-19342.61702208      16803.167141376      1        1.224976            
-11827.481048063999  -12447.540369792001  1        1.694014            
24068.726047872      2066.194918656       1        21.032316           
-11917.459471104     -9766.928489472      1        15.86593            
3489.03365184        -520.4457561600001   1        0.76936             
-15976.640249856     23155.125599232      1        2.070572            
17039.853363456      -15217.910193024     1        0.475444            
8343.085525632001    -9636.97718016       1        0.274301            
-15534.389299968     11281.9440096        1        6.842893            
1677.5431706880001   21169.903214592      1        0.627963            
-15444.106710912     19447.852026239998   1        2.050377            
-11227.224704256001  10261.019628288      1        0.358806            
8358.253592832       -16815.803710464     1        2.006799            
-12088.524691584     5769.808843392       1        0.826912            
6293.777453568       -17544.735153792     1        0.593183            
-9007.009127424      9376.437261312       1        0.735888            
-1651.553874432      22479.043403519998   1        1.580026            
17714.718895104      12437.065149696      1        2.081989            
-2950.181828352      8914.597376256       1        2.05489             
20379.057088896003   9575.208948096       1        0.740232            
12241.100158848      -13426.864818048     1        1.54051             
-16837.584572159998  -16663.955666688     1        0.818625            
-5868.318398976      6334.4343110400005   1        1.764869            
-17425.624385664     2625.602893056       1        0.409498            
-90.800797824        233.16336806400003   1        1.784082            
16653.042705024      10413.876730752      1        13.690537           
14491.379890944001   8403.888151296       1        1.392701            
-22254.456229632     -3214.3427712000002  1        0.473025            
11890.937481984      22761.262795392002   1        0.391537            
-10912.250333952     -12174.600455424     1        0.470345            
6624.190260864001    12360.301050240001   1        0.548433            
-1491.5931275520002  -16259.651438976001  1        1.847128            
-420.518368512       -17736.549646464002  1        0.59732             
14855.138305920002   19554.0124032        1        0.569859            
5388.521453568001    -12501.332692992     1        0.927403            
21464.696411136      16049.374551936      1        0.365977            
-21499.490428416     923.290308864        1        0.207921            
11843.946246528      -14562.557957376002  1        1.624085            
-14609.703689856     28.322845056000002   1        1.851024            
24010.40664          -232.66929945600003  1        1.375718            
10661.343948288      18725.388536448      1        1.532263            
-4533.824604672      -14190.260363136     1        51.310959           
16019.714342016      14504.169347712      1        0.869399            
-24094.955136384     14570.228090880002   1        55.219996           
-16163.520493823999  5427.97130304        1        1.555579            
4255.575464448       -23332.402887551998  1        1.267083            
-1491.348507264      15512.627750399999   1        0.595373            
22123.5715008        -20776.005005184     1        0.276913            
18684.784787328      -7170.910167167999   1        0.806913            
-3919.6023736320003  1716.566544          1        0.87732             
15228.290461824003   457.44315724800003   1        0.49571             
-14143.891943808001  17001.372339072      1        0.490105            
-2435.157952128      -8793.119263104      1        2.07304             
-18172.992473856     8146.426907520001    1        0.403224            
23769.281847168      16009.313151744      1        0.213344            
428.661649152        14202.200086272      1        0.980233            
-22408.238704896     -2574.823261824      1        0.611112            
5430.8938717440005   5308.8669722879995   1        2.408692            
19877.163850368      -14391.724482432     1        0.29661             
-21817.215167616003  5950.851996672       1        0.913291            
13145.084777088001   -21300.361467264     1        2.113137            
-13571.993850624001  10314.134417664      1        0.553823            
-22209.5909376       2479.168682496       1        1.089143            
-7271.270468352      -11396.764266624     1        0.532282            
10836.326312064      -21548.293785216     1        2.833543            
-22014.509476608004  3926.99248128        1        41.902141           
-22502.23405056      -13500.564726528     1        2.255903            
19278.51685056       18782.23539456       1        1.92345             
1435.552550784       -3120.50996928       1        0.462365            
-5707.670462208      20126.816557056      1        57.788886           
22073.731726464      -11930.683450752     1        1.972105            
-1904.3142243840002  -4072.848937344      1        0.922651            
11888.043881472      17117.3448864        1        0.554828            
17261.039993472      -5160.110478336001   1        0.349717            
-5477.38621056       93.04744204800001    1        50.575627           
7167.115334016001    21870.313863552      1        1.534409            
8042.920338816001    -4992.4264896        1        1.500335            
18934.999155072      12621.367224576      1        1.744303            
15974.0669088        -18722.63333952      1        1.687574            
1022.5852243200001   16632.639441792002   1        0.880332            
548.282579328        17772.439627008      1        1.189927            
-23478.722834688     23170.68312768       1        14.199276           
10676.367174528      9614.480160384       1        0.471152            
13985.440761599999   23413.336797312      1        2.092455            
-8939.9863872        -364.067409024       1        0.806112            
-1723.200259968      11296.241421696      1        1.313858            
-19112.995820160002  15146.983184256      1        1.319894            
-17557.131930624     17165.234135808      1        0.695081            
8851.107146112001    20853.586651392      1        0.385661            
-13531.924403712     20754.706946688      1        1.764182            
-8046.591252480001   5374.634424192001    1        1.365075            
-16203.974573952     15821.447989248001   1        0.388833            
-21996.064785024002  -6096.788919936      1        0.634399            
15842.935950336      -4391.362255104      1        45.569428           
7202.009130624       22485.599870976002   1        16.449927           
-22555.875095424     -17274.074070528     1        5.189577            
3085.062558336       18209.812655232003   1        1.343822            
12165.151996800001   10839.717199872      1        13.991438           
-4347.563958144      -13747.455798912     1        0.920368            
674.68528512         -15044.430956544002  1        1.591487            
8294.604037632002    11407.498591104      1        2.015558            
7271.9399554560005   8050.92038784        1        1.599562            
1329.8138219520001   -12515.362953984     1        1.828142            
-17360.370314496     -18778.414811904     1        0.859582            
23632.300923264      12602.790566784      1        35.002146           
15090.768798336001   -8380.83590784       1        20.88332            
150.36261926400002   -8852.883861888      1        0.647097            
-2550.115003392      -12256.6834368       1        1.084283            
13483.399463424003   -23392.04034816      1        1.034146            
-19320.197250816     19975.670187264      1        2.208748            
-12369.792961152     1860.2375109120003   1        1.838364            
-11442.434230656001  23453.897094144      1        57.394895           
3466.966326912       3756.150959616       1        1.280957            
740.2258195200001    7436.554925183999    1        1.991188            
5065.122167424       -13637.059628543999  1        45.044344           
-18292.703527296002  -11319.720141312     1        2.085694            
-10904.757228288001  11975.384589696001   1        1.544769            
-11940.450559488     -17876.541652992     1        0.654088            
-3534.1934538240002  2661.933833856       1        0.871552            
22884.699480192      -12536.434094976     1        1.658521            
-17181.021800448     -16400.948623488     1        0.347332            
-146.606410368       774.382536576        1        1.028155            
17027.84121984       9881.190304128       1        0.858335            
14438.512940544002   8570.324898432       1        0.663945            
-13702.122187776     13221.626787072      1        1.154822            
22576.117424256      12023.903092608001   1        1.336898            
-13449.019047552001  -13219.710058368     1        0.812729            
16695.553526784002   -2986.617376512      1        1.560506            
-21790.426027392     19571.499535104      1        2.109023            
-17892.13941504      -19407.056765184003  1        23.508943           
6658.110404352001    -7332.28391808       1        32.096693           
14470.044817536002   -6157.770182784      1        0.579976            
-8897.985727488001   -15589.290461184     1        0.751332            
-13672.785456        -11608.582905216     1        1.656477            
-11405.3404608       3084.479975808       1        46.772445           
22915.022739840002   17237.781753984003   1        0.391455            
-8813.997282816      20082.580518528      1        59.619616           
4203.455249664       11768.556526848      1        1.524126            
2774.575039104       -2216.066688         1        1.444322            
9917.92840896        -3981.5428055040006  1        0.979977            
-14663.339906688     6627.336528384       1        0.413196            
-18270.409284864     -2291.847478272      1        43.757313           
22020.486580224      -6665.909285376      1        38.531676           
16219.992374784      -1121.048108928      1        21.514621           
-20531.02905216      20240.26082496       1        0.911219            
1432.892305152       -17879.499627264002  1        40.971002           
-14156.488279296     -8018.051145984      1        1.67877             
1156.08030912        -16360.09220736      1        1.60647             
7812.162940032       -6699.254893056      1        0.511596            
-5441.155049088      -5840.835631488      1        1.396966            
-4927.248057600001   -8682.497784576      1        7.887854            
-20294.180286336003  -6778.841781888      1        1.425507            
4786.143994368       -5872.64109696       1        0.886697            
10628.899573248      -5249.38239936       1        0.547504            
19594.532466432      -15420.832377984     1        45.266755           
15974.673631488      -20857.574605824     1        1.706747            
-755.620804224       -1537.240560768      1        2.080613            
4300.234760448       22144.7343744        1        1.352032            
16962.87200256       -11612.514532608     1        1.751913            
11821.005047808001   723.417830784        1        0.892766            
12288.751225344      13843.084628736      1        0.537983            
-13335.824227968002  24037.342230528      1        1.650836            
7843.364901504       6478.882591104       1        0.710901            
9227.054732544       -7242.049609344001   1        2.096568            
13670.720667648002   7959.966702336001    1        1.854005            
13540.526347392      13664.653440768      1        1.237904            
17323.012612224      8261.765373312       1        1.1446              
17207.109266688      1102.387765248       1        1.445306            
-1351.82481984       1587.3571422720001   1        0.401306            
-1208.416176         17099.012848896      1        5.034933            
23701.00220928       -23730.540109056     1        0.698544            
20623.286306304002   -15974.821691136001  1        2.076039            
-6354.234070272      5436.447717888       1        1.508595            
-14626.910795904001  -14384.968456319999  1        0.638022            
5557.818004992       13000.547983104      1        1.853034            
14670.79599744       -15716.320811136002  1        1.186373            
-11716.864397568     94.37193216          1        0.449774            
18071.008344576      8606.588246784       1        8.883433            
-14198.828510591999  5618.910312576       1        0.831746            
-10597.285619712     4639.796688384001    1        1.442874            
-20164.806731520002  22567.071301632      1        1.553521            
-18107.410096512     19334.959763328      1        2.051204            
20644.466882688      -17451.761741568003  1        0.294522            
-21617.218770048     7.066629504          1        0.647316            
-1763.153834112      -21469.34902464      1        0.493683            
-9554.136197759999   -10111.585600512     1        0.451901            
2604.721654656       21318.957437184      1        0.638713            
-8384.527742976      -5935.915675008      1        1.19441             
11646.2592576        -16290.2627712       1        1.017359            
-7953.217113600001   -5577.534078336      1        44.082246           
-4916.399469696      -6077.090549376      1        10.549875           
-19484.767158912     22058.306164224      1        1.687201            
9204.453105408002    -3509.272761984      1        0.615605            
19955.77708608       2677.711842432       1        1.11722             
-4534.9704575999995  -23207.981284224003  1        0.482568            
-12638.091527424001  1429.367841792       1        0.924327            
-1076.179598208      -22249.024693632004  1        0.286653            
1934.856354816       1845.2529089280001   1        0.271627            
2267.041049856       -5887.094615424      1        52.980817           
-3990.081984768      8583.185166336001    1        0.911245            
7072.186568832001    13841.222617727999   1        2.088626            
-477.257400576       -6107.610148992      1        0.804781            
22420.144631808      -16159.815783936001  1        0.846896            
8725.233914496       -9499.424939136      1        0.564514            
11777.343545088      -13198.392687743999  1        1.435288            
-18681.303776256     -21669.675337728     1        1.355427            
21922.031742336003   -9204.219750528      1        31.896708           
10136.583540864001   7445.07479232        1        1.56528             
-1902.4618694399999  8005.503090816001    1        26.833918           
18813.968439552      23654.480902272004   1        1.420045            
15834.226180608      23336.817318144      1        0.200886            
10332.442315008      845.480135808        1        46.956302           
8615.846802816       9631.27205568        1        59.912083           
6953.545729152       14359.613241600002   1        0.377472            
-14501.38035456      -22722.146080128     1        1.778888            
-16297.221574656     8451.305862912       1        37.64909            
-20438.818468992     13075.440415488      1        0.841615            
2220.56480448        4347.930888576       1        17.160653           
-12964.11887232      21832.991566848003   1        0.803576            
-614.2206216960001   -15863.107468032     1        1.874867            
15872.467412736      -15749.433063936     1        1.025442            
-4284.30708288       22069.214297856      1        1.166473            
-9999.929313792001   -14081.544347904002  1        0.541158            
-7321.5882178560005  -13809.426808320002  1        1.539231            
-5633.246348928      6542.569161216       1        0.993013            
-23067.986059008     -24027.599261952     1        0.730499            
-3374.6752765439996  23181.790819968      1        1.555535            
-23448.518666496     4511.607610752       1        0.388958            
-5144.523981696      3413.688993792       1        0.638513            
-16908.133385088004  -2404.23118848       1        0.899846            
23510.491285248      8769.812743296001    1        1.004954            
-7910.675714304      22383.202140288002   1        1.692522            
-1270.9794239999999  11006.953790976      1        1.448828            
6953.239953792       11150.908002432001   1        0.356966            
1160.592909696       -5284.311601536      1        0.301263            
14553.080530560002   23784.321166848003   1        0.498116            
-20392.783183872     9648.432490752       1        0.506353            
-11674.329435648     11203.816795776      1        0.386983            
-861.6685271040001   3812.1883176959996   1        27.692948           
8716.725312768       19300.43611584       1        1.126995            
18402.497803008002   -11605.513886208     1        0.269783            
-9442.779249024      22638.104527104      1        1.877221            
-23771.37077568      16386.038051328003   1        0.6522              
-16641.383007744003  11576.531210112002   1        1.814508            
-5877.465910272      -2689.9251540480004  1        51.41635            
-4185.64624896       23534.793988992      1        1.910899            
-23219.557295616     2285.7384084480004   1        2.151461            
-10713.147122304     1595.3909875200002   1        51.228469           
-22255.225496064002  -11308.28092416      1        43.291126           
20747.769064704      14604.592413312      1        1.331301            
10379.090760192      7895.319353856       1        0.321385            
20112.012201600002   16448.689813248      1        2.153845            
3107.332660608       8038.36750464        1        0.771087            
16593.012564480003   -23425.22502144      1        0.259465            
-5774.387427072001   -18265.10488704      1        0.595232            
20890.533970944      8135.761784832001    1        0.552807            
14594.253987455999   -18150.225084288     1        0.908918            
-17806.383910656     -19182.643400448     1        1.818544            
19384.39559232       19863.790201728      1        6.319216            
66.818353536         -7352.374968575999   1        1.641272            
3213.4109610240002   -7333.606798848001   1        0.867438            
-14745.009286656     22066.462319616      1        0.572624            
-9160.162349184      12900.506332032      1        1.00919             
-17505.454285440002  -5193.32894784       1        0.334825            
16401.957682176      -5895.150991488      1        0.940737            
-11945.896579584001  23195.2336704        1        2.010329            
-11331.505367423999  5763.723913728       1        0.337794            
3611.6656646399997   18734.565015936      1        1.898706            
-7081.763774976001   13012.387926912      1        2.06866             
-18508.204344960002  -12825.956689920002  1        2.04855             
18309.735214848      2967.974735616       1        1.773595            
-12387.616445952     15748.86335616       1        2.247843            
7462.376849664       2711.424380544       1        0.778846            
4063.3763385600005   -14529.687106176     1        1.042892            
21903.231385728002   4811.879014272       1        0.772148            
-2248.379096832      17215.619477760003   1        2.106076            
-20542.194680832003  18005.763929472      1        2.01292             
-18400.886849664     -6607.686438144001   1        1.959683            
16847.655846912      -2724.3071792640003  1        43.579063           
13071.351072384      -1984.7991271680003  1        0.585404            
-3374.604465408      -12446.954568576     1        2.166133            
-14223.377443968     -5997.006373248      1        8.29635             
-9291.874280832      -5295.147314688001   1        46.182968           
17556.272540928003   -5937.351209856      1        2.256786            
3900.795579648       -20512.412160768003  1        2.026281            
-8603.504743680001   -17309.811163392     1        1.147842            
-23770.192735872002  4761.825197184001    1        1.792538            
-11817.945684864     19055.162434176      1        1.071816            
-14855.156008704     -15523.2494208       1        2.199331            
22401.511646976      -17884.903804416     1        53.696997           
-21994.778919168     14612.640742656      1        0.638643            
19714.282144128      -21099.737425536     1        0.863394            
-20780.506340352     13932.417704832002   1        1.85127             
-6756.656974848001   8601.921149184       1        0.449069            
10253.616645888      23822.522165376      1        0.430082            
23037.451975296      -2913.535456128      1        0.896103            
5309.5477248         -23234.73501888      1        1.898937            
-16433.248157568     7758.5106297600005   1        1.277137            
3910.89099456        301.322305152        1        3.637059            
16062.736935167999   -10336.885713792     1        1.505839            
249.34371263999998   14868.571500287999   1        2.237395            
-23001.90317568      -5464.879998336      1        1.833913            
18446.215632768002   19322.035121664      1        1.739063            
12292.851833856      8970.924416256       1        1.488455            
-22508.523366912003  16138.564396416      1        2.016763            
-18049.676489856     20520.219088512004   1        1.787389            
-2188.062493056      13995.747000576002   1        32.393967           
-9767.187593856      -15454.976220288001  1        0.661846            
19143.220909824002   7633.662550272       1        0.936375            
8648.481080448       -23680.851613056002  1        1.472619            
13418.52519744       21222.211722624      1        1.364642            
13368.081919104      -22251.129715584     1        0.966569            
8924.438514816       -22758.87613824      1        32.24379            
-17305.699289472002  17709.033082752      1        1.19167             
-13526.911297152003  -14339.473910784     1        1.457154            
22029.960788352      2561.348224512       1        12.841431           
-17869.742174592     -5336.8888700160005  1        1.429165            
6536.7562106880005   -1044.543113856      1        0.225192            
5167.89326592        -18201.759497856     1        1.359123            
-13337.749003392002  17222.30630208       1        49.184993           
-15403.921391232     -2912.6519262720003  1        0.421158            
-5510.419605504      20396.194993152      1        1.910445            
15502.99582656       8882.312326272       1        17.305012           
-5055.78636288       6779.350334592001    1        0.565867            
1539.02371392        -14514.490070784     1        1.36363             
9911.27377152        11102.392718208      1        1.270961            
2777.03572608        -9918.784579968      1        2.105328            
14861.569244544      -21192.285970944     1        19.02755            
4553.556771456       16195.744388735999   1        0.729593            
21238.88291712       14724.049190400001   1        1.550114            
-18219.57654528      -8057.153377152001   1        13.678754           
2379.7900811520003   -17915.19326784      1        0.738854            
-16028.71218432      7755.007087872       1        29.316969           
19388.694150143998   -16187.840900352     1        0.54256             
-15068.63388096      18817.586244864      1        0.694726            
-3879.359117568      -23110.4212416       1        1.034369            
-13449.516334848     15183.100082304      1        49.749717           
5698.242925056       -17518.834371456003  1        53.643332           
22501.900916352      -22419.288460800002  1        0.415364            
8698.317636096       15257.623974912001   1        17.203044           
-8600.133168         18206.304285312      1        0.567562            
19860.875679744      9193.219884288       1        0.271264            
-16756.7713632       5558.632333056001    1        2.080998            
19483.677633024      20477.410538112003   1        1.411532            
2864.4359800320003   11466.106071552      1        54.134817           
-391.902622848       6368.502514176       1        0.84846             
11845.035772416      -3503.4469367039997  1        1.421608            
-17244.505593216     -18253.75901184      1        0.531143            
-11641.204308096     21951.802996992003   1        0.682486            
-13124.581734528     22646.651753088      1        1.906966            
-22899.452336640003  7456.351465727999    1        1.328752            
4597.511174784       15460.747327872      1        1.352334            
-16529.681659392     -15918.618570624     1        1.675952            
15031.599656832002   1410.733247616       1        6.37955             
-9146.067714432      23308.296523776004   1        59.856005           
-18457.165609344     1887.377488128       1        40.094665           
-15320.602433664     -18081.296880768     1        17.097004           
-18279.038587392     1407.310172928       1        0.954354            
9761.756057855999    -1507.124906496      1        1.678681            
1208.318006016       -10642.099412736     1        0.291709            
10700.356056192      -15136.936049664002  1        1.976219            
11065.154107392002   -845.127689472       1        26.21608            
-21705.066421632     17141.6459808        1        0.485396            
15311.635168895999   22743.328265856002   1        1.227882            
-7941.15508032       -1498.856097024      1        0.654487            
-11543.698983168     -21416.585072256     1        57.677945           
-19126.424186496     9446.295665664       1        1.893602            
-4639.692081024      11235.16842624       1        0.615133            
1387.080718848       -8390.866948992      1        0.62021             
870.738789888        -12043.157284224     1        15.907383           
7996.687104384001    -6993.217668096      1        50.34353            
9397.714398336       -15228.095731200001  1        1.495096            
-8700.474157056      -15950.950291583998  1        1.928936            
1619.632536192       18720.946747008      1        0.28036             
18873.464277888      -18107.377909632     1        0.636842            
7767.083605248       -22385.405332224     1        0.444546            
-23859.887914368     986.5439654400001    1        0.445806            
-10450.750020480002  -483.29887795200005  1        2.191662            
-11220.49925568      -10537.49366208      1        1.495237            
-20214.947453184     -19975.103698176     1        1.221931            
-5025.076860672      855.9102942720001    1        1.844167            
-6845.698759680001   -7781.607934848      1        0.462979            
-11249.58010176      10572.675531264002   1        0.312155            
-5296.977138816001   -5080.766600448001   1        1.98559             
1414.700280576       16389.622060416      1        33.657375           
2438.2173150720005   911.74165632         1        17.680545           
23146.005446784002   -21282.330377088     1        14.263819           
8381.1014496         21042.122910336      1        53.43764            
6603.307413120001    -11666.514461184     1        1.285501            
23029.255586304      -19383.547468032     1        16.775614           
4451.900948352       7609.765401216       1        1.668558            
-651.270939264       -18280.673680895998  1        1.180806            
-21265.948864512     10404.293087232      1        49.77592            
-9120.532253184001   9376.345528704       1        0.635               
8859.871633536       -22262.60272896      1        0.283487            
-21408.361324416     23836.34803968       1        1.388128            
-2840.99910336       11822.215274496      1        1.91549             
-3601.513922688      -19785.42802368      1        0.498603            
-24093.278199936     10379.32733376       1        0.533939            
9798.910982784       -3327.426546048      1        1.82261             
20929.190413824002   -3227.671358208      1        2.071741            
-6940.886629248      20254.707906048      1        0.468305            
9654.54316992        8535.337759872002    1        0.979699            
-6893.4029345280005  7210.648089216001    1        0.452469            
-13174.329776256001  -1846.8574248959999  1        0.861161            
1360.1354722560002   22711.39244352       1        1.053991            
-3178.7843155200003  16526.314911744      1        0.724187            
3170.2869792         -13682.108385792     1        0.34094             
-15231.499493760002  143.878572288        1        35.427833           
-7215.825348864      20245.973996160003   1        1.209853            
3577.866221952       -9885.900854016001   1        1.830145            
6547.4470828799995   -22754.004653952     1        1.94606             
251.236301184        20634.231454848      1        49.782839           
-9727.290346752001   -2933.373839616      1        29.040579           
16618.350076416      19081.489692672      1        0.544901            
-21758.754137472002  23609.813559552      1        0.423857            
-616.4624378880001   1813.114309248       1        2.232237            
1511.5441651200001   -16953.000286464     1        0.278953            
-1216.689813504      -17481.188596608     1        0.324024            
-9365.979744         -11699.57682432      1        0.356283            
17390.550342528      -22565.574611712     1        1.656444            
20690.05637952       -19369.821373056002  1        57.222356           
6592.021083647999    -17788.742281728     1        1.779405            
18948.462926976      22073.236048512      1        30.582365           
-6252.116365440001   23102.678687616      1        2.100142            
18383.071411584      1422.85321728        1        0.564925            
-1991.3942188800002  -15078.824247168002  1        0.398979            
-22727.336214528     4811.47185024        1        1.822213            
-1696.2968563200002  -22770.74505024      1        2.176523            
-13145.754264192     -21476.11631616      1        0.358829            
-19913.56399296      -21819.938177664     1        41.922601           
1578.780948096       7883.452051200001    1        22.949836           
-3063.400788096      7233.9658744319995   1        1.947211            
7305.44006016        9239.417713152       1        1.383862            
-7106.912993664001   -88.386781824        1        2.664252            
-15946.027308288001  -12412.295736192     1        1.121228            
17500.182074496002   4795.302771072       1        2.030673            
16433.444497536      22252.565250432      1        2.151729            
-7553.570327424      -9739.350770688      1        2.147271            
-5774.06877696       16025.923191168002   1        0.208627            
-8626.565033856      -3404.259847296      1        1.002167            
-8252.101262592001   6448.837747968       1        1.076611            
365.61559795200003   7632.819254016001    1        1.907461            
18925.779223296      -14090.046512256     1        0.770781            
2687.99072256        6878.365224192       1        1.14741             
17918.29125504       -21005.482975488     1        32.997287           
7856.130218112001    -23006.980656000003  1        2.141463            
12886.096265856      17980.304107392      1        55.475843           
17976.205108224      -2073.634915968      1        0.588014            
-18772.352413056004  2810.556752256       1        2.126275            
-10069.229275776     -12117.42690048      1        1.886302            
15983.977249152002   -20497.688272512     1        0.967548            
3358.972907136       -17789.815714176     1        1.925254            
-21349.763500032     -10180.397931264     1        1.550503            
2830.630099968       17205.525672192      1        1.290457            
-17067.461659776     18065.842350336      1        1.98286             
17767.136838528      -14534.296267392001  1        2.20503             
-5905.02914496       17119.483704576      1        7.625621            
-21698.711122176     12357.951407999999   1        7.40725             
14080.865204736001   8128.308912768001    1        36.087964           
-6156.543862656001   -12951.337462271998  1        15.774782           
-11931.278908032     12004.679478528      1        2.021663            
16691.169673728      17356.169926656003   1        0.494005            
-3503.59016832       -8529.288235776      1        0.870467            
-19105.229126016002  -23604.509161728     1        2.234613            
-2249.2256117760003  6364.97966016        1        33.312813           
3456.3237350400004   22191.833435903998   1        43.543113           
3074.999330304       20167.914374784      1        0.561512            
13933.447684992      -13569.003689472001  1        1.682106            
3127.785813504       20400.641610624      1        1.942842            
18779.00061312       4625.854941312       1        1.026727            
16779.529096704002   -14865.113020032     1        1.450157            
2674.5977617920003   18244.032136704      1        1.929785            
-20965.2863904       3665.12807232        1        0.270956            
12242.614551552      20717.889984         1        1.205173            
8785.758123648       -21257.715460608     1        1.219766            
-19366.07321088      18323.68500864       1        1.331527            
-10744.485878016     -21753.72010944      1        0.827436            
-9388.500903936001   19320.628555008      1        1.508777            
-11784.110836608     -13216.303077120001  1        0.332322            
-10076.958955008     -13349.836786176     1        38.211468           
13724.216871552      -9597.124994688002   1        49.304451           
-14805.395092224     996.8276735999999    1        1.952137            
13727.699491968      1982.9870058239999   1        1.739903            
-2802.247709184      19562.834827008002   1        0.232136            
-11514.970583424001  -9498.977541504      1        0.40717             
-22893.309470592     -3261.3999897599997  1        1.105522            
12136.951461888      21477.839923584      1        24.880958           
-5371.827728256      18843.474152448      1        1.946392            
-24055.66139328      -4314.524125824      1        41.68253            
7056.86883264        -20440.159052544     1        1.712692            
-4077.767092608      21464.414775936002   1        1.920816            
962.1559664640001    8019.662099328       1        9.443061            
-2173.573569024      19451.268663552      1        1.90386             
-3806.0567170560003  11198.89381248       1        1.867926            
2443.9353143040003   -23440.428494207998  1        1.971103            
20289.83666688       -20058.023538432     1        1.617706            
21884.448731904      -15224.358834432     1        1.145004            
-19228.849276032     7766.695753344       1        1.789101            
-12547.582020864002  -18628.320953088     1        1.030471            
-7645.5523837440005  9716.483601792       1        2.145841            
-4553.238121344      -2929.184717184      1        0.757749            
17524.76641344       -679.389397632       1        1.933246            
-15229.95452352      -11697.952996224001  1        1.722566            
16665.225439104      16067.737166976      1        1.400894            
6077.887174656       1396.6434408960001   1        1.248478            
5494.458131712       6877.763329536       1        7.611006            
2021.0608661760002   -8451.278504064001   1        1.720455            
23912.033878656002   8519.839777152       1        0.68067             
-3345.427058688      1480.6656817920002   1        1.123907            
4978.541069568       7464.534979968       1        0.744607            
-19391.405894784     3719.3500903680006   1        1.170569            
3582.235590912       12921.179965055999   1        1.173102            
24082.868962944      7257.621621888       1        0.439133            
-5777.306777088001   3544.142418432       1        39.934594           
-17393.535675648003  18354.283466112      1        0.822961            
-6053.4187084800005  23544.240838272002   1        0.525456            
16931.501059968      -19211.783792256003  1        2.160384            
-14367.944815488001  18452.52908928       1        0.94271             
12180.984723072      -2971.6359932160003  1        0.256088            
-19957.32205632      -18583.833856896     1        0.92905             
-8438.889773952      -1278.0991618560001  1        2.212433            
16779.9459168        -15710.810417280001  1        1.332825            
-10738.016315136001  4332.146442624       1        1.068917            
-9714.148443648      20917.937880576002   1        0.281902            
-15731.912135808     -12018.936657024     1        1.204069            
-18375.436683648     -11263.909700736001  1        0.778835            
-7667.030688768      -222.88287859200003  1        34.053472           
-5443.295476608      5863.108952448       1        0.337355            
-1353.303806976      2494.026146304       1        1.018375            
20087.551782144      -15911.032123007999  1        1.456854            
-22876.018678656     22335.346687104      1        1.761284            
-11448.095902848     -19280.370814848     1        43.379773           
-139.298379264       11253.387809664      1        1.527008            
6606.173654783999    -23188.794685056     1        2.135704            
1445.77027584        -3075.000939648      1        32.229936           
-15698.04027264      -24079.806381312002  1        2.020089            
-10945.608816384001  8827.000782336       1        23.043598           
4729.713956352       -16519.737522816     1        0.671354            
10448.213694336      5153.605509888       1        0.445591            
-9843.803633664      16165.229617152001   1        1.068749            
2426.707286784       -20051.269121664     1        1.537865            
15412.093640064002   -16372.934772479999  1        0.357274            
-6977.991664512      -23402.293478784002  1        44.698817           
-16478.78132736      14231.961684864      1        12.522047           
18454.584221568002   19694.730223872      1        55.309413           
655.003008           -17018.004909312     1        1.311985            
-14022.759839616     24071.395949568      1        2.157846            
-19884.270713472     -12747.744180864     1        36.69212            
16948.65344832       13300.932040704      1        44.159836           
-4914.7337986560005  12279.957769728      1        0.616307            
2747.589558912       3612.1854827520006   1        1.887832            
14150.47094208       -23665.817121408     1        0.27098             
-12878.997449471999  -2782.196892288      1        0.428732            
19654.430640768      -12896.547345792002  1        0.290333            
23693.570258688      -14279.731842816     1        1.522163            
-17665.26214464      16572.20374656       1        19.07779            
16075.333270656001   22009.345091712003   1        0.487631            
-18540.888512256     2748.046612608       1        0.74569             
-16009.137733247999  -709.435850112       1        1.290951            
17774.037705600003   23077.54234368       1        1.367782            
-23356.8520416       9974.041406208       1        53.106923           
14428.897110143998   18929.984439168      1        0.536185            
-19004.553393408     100.107634176        1        0.469957            
19459.852904448002   -12473.658413568     1        0.407918            
12804.988546944      8544.7717344         1        0.774308            
6655.735012608       -21945.953031552     1        0.24634             
17127.327647232003   -10513.094397696     1        17.962862           
-16260.063431040002  2569.82463936        1        1.753282            
22765.65147648       -11039.644395648     1        0.203411            
-10872.871295616002  -9329.386480128      1        57.709705           
-18771.050453760003  -20351.453620608     1        0.521553            
-3089.460895488      16396.653284352004   1        2.150095            
-1710.648986112      5120.720174592       1        0.306534            
18072.239492736      17947.946636927998   1        29.792397           
-2586.6986112        1674.044456832       1        1.030685            
15578.919848448      -6500.562064128      1        1.39436             
5499.270070272       6561.015462144       1        1.634908            
-11363.347847808001  -21577.377849984     1        23.563805           
9990.393950592       3698.016626304       1        1.489024            
21548.266426368      -20841.106188672     1        1.92264             
3952.4297725439997   -17915.476512384     1        0.974887            
3304.652719104       -6293.735610624      1        1.194292            
1278.839460096       13666.824445824002   1        1.413458            
-18416.779121664003  -1058.164601472      1        0.767668            
-3066.7675357440003  2562.223707648       1        0.926204            
11411.175942144002   -4569.955986816      1        0.541011            
-19460.408128127998  24017.587532928002   1        36.578359           
-11937.983435136     23946.589713024      1        0.92345             
8628.814896768       -1305.62860032       1        0.646333            
22214.436672384003   -9516.788151552      1        1.47459             
-18670.213786752003  22796.119577088      1        1.162078            
-22428.384473088     939.515715072        1        1.717277            
-802.520307072       13041.917779968002   1        0.415798            
-20222.918534016     19940.354742528      1        46.500492           
-630.489480192       -15090.520959360001  1        2.101954            
21880.080972288      -5707.050864768      1        54.024822           
6550.1362967039995   22729.954617216      1        2.844974            
-2665.984552704      2575.5458572800003   1        1.063745            
-34.78597056         13694.188121856      1        2.699819            
1307.598437376       9805.760350848       1        1.08903             
-23948.611049088002  2903.045751936       1        1.716245            
-568.159587072       2957.4753753600003   1        0.935306            
21415.931678592002   -6951.802809600001   1        0.422073            
-20112.416146944     -12964.485802752002  1        0.607219            
21457.959697152      -18510.724577664     1        1.650251            
20860.999289856      -21797.331722496     1        2.25142             
17062.776859392      20625.318907776      1        1.998273            
146.18476224         -4869.453295872      1        1.565364            
472.72548787200003   -10290.506029056001  1        1.9127              
21588.485542272      6141.829630464       1        0.258862            
-21827.568077568     -18911.044069632     1        0.41918             
-2763.5912663040003  -18464.958052992     1        45.098735           
-4012.6546437120005  13390.010840448      1        1.845456            
-21628.056092544     -8069.947661952001   1        9.215671            
-8772.857622144      -8985.332873088      1        0.938797            
20656.08312768       9462.141266687999    1        3.664333            
-6888.265908480001   814.2298940160001    1        1.154836            
-7664.129041536      22320.811092096003   1        0.476978            
6959.14141824        5259.096399744       1        1.653931            
9436.185766656       12980.131845120002   1        1.053276            
-5277.04702272       681.79053888         1        1.975803            
12938.937466752      -11866.30486272      1        0.659888            
14389.996046975999   -11387.422024704     1        0.947718            
5933.94905664        -17958.837067776     1        0.864664            
-10960.364891520001  15102.591039360002   1        0.66398             
-5652.020956032      -16789.043538432     1        42.40644            
-44.421113088000006  -12944.16300672      1        31.961145           
-17605.328564736     8431.520587776       1        2.03651             
14535.942626304      21593.902594176      1        1.128118            
-11303.145507456     11305.149140736      1        14.484011           
23664.547348992      3113.6895694080004   1        1.973195            
-19726.386020352     -6258.592365696      1        2.177865            
-2127.667031424      -7374.609665280001   1        1.336682            
2722.206985344       -1858.129270272      1        43.219057           
-2976.993499392      11280.720908160001   1        44.884              
-16917.863478912     -20993.165056512004  1        0.317539            
21753.04418496       20050.638258815998   1        2.046205            
21231.869395968      -8742.545627904      1        0.367908            
-10183.417060608     7893.399406464       1        1.578536            
3310.655572224       -3671.0263180800002  1        33.763322           
21756.348168192      8545.399378560001    1        1.669701            
-11990.757043584     5552.8724908799995   1        1.433529            
-14913.552665088     19287.056029823998   1        0.487108            
-10913.085583488     -4628.584388736001   1        1.591184            
10694.845662336002   13364.174431872      1        4.360395            
23273.74551744       15685.632230400002   1        1.374215            
10494.937778688      3925.864331136       1        1.625037            
-9765.819651456      12852.776407680001   1        0.871389            
9959.024617344001    -18627.347299967998  1        2.008466            
-11180.457167616     -18056.860601472     1        35.312632           
19686.527397504      2738.422735488       1        1.623841            
3530.646459648       9874.987892352001    1        21.897877           
22415.598235008      -18580.901632128     1        1.043458            
7524.058177152001    14042.350384128      1        18.026987           
19296.98407296       11510.071740288002   1        0.982584            
21170.867211648      -4621.7124898560005  1        1.046098            
-16465.893700608     -20933.355396096     1        0.252873            
17202.71253888       -12567.507308928     1        13.137159           
8489.318568192       9910.079638272       1        1.589195            
-21488.482515456     10139.858555904      1        1.50885             
20822.346065664      -1886.7257038080002  1        1.946163            
-12421.845583488     10781.883813888      1        0.6635              
22272.760908288      10456.878402432      1        0.305694            
3635.63684352        13153.1282784        1        0.485671            
-9695.826062208002   -9764.6544864        1        1.476314            
-19037.728410624     -5726.277697536      1        1.370657            
-12193.704978048001  1191.53415744        1        0.76876             
-590.112648576       22726.515449088      1        11.984716           
-22636.564384896     15310.933494912002   1        2.166703            
12138.015238272      18774.57491712       1        2.115218            
-15373.75745664      11226.009649536001   1        1.757333            
9073.185352704       -16362.829701504     1        0.257804            
21062.083603968      -8425.070337024      1        1.76083             
-10832.122705536     -16795.839798144     1        1.414124            
-13734.329989248     -9528.560502912      1        14.216025           
-9508.807414656      6043.884954624       1        45.865815           
11075.442643584001   -23169.659584896002  1        1.568087            
-21107.013269760002  -13893.531125759999  1        1.718157            
-2411.3943786239997  -13536.689671295999  1        0.46642             
19586.820489984002   -22663.242480384     1        1.780537            
-13276.608415487999  7397.130825216001    1        1.231416            
-13282.4390688       10731.553189632      1        1.75008             
10555.386348672      5401.186990848       1        0.686348            
12109.912873344001   -2168.698866048      1        1.015162            
-13469.287125888     -4656.871828224      1        1.96383             
-3923.5758439680003  376.591324032        1        25.515282           
4894.988757120001    20623.899466368      1        1.605115            
-6549.180346368001   7285.015875456       1        0.240119            
8726.373330048       22982.393098368      1        1.017869            
23669.563674240002   -14679.880744320002  1        0.697514            
-15765.854810112     -21117.177886464     1        24.129086           
9955.545215616       -22793.180914944     1        2.093866            
-3314.2170504960004  22315.068952704      1        1.207606            
-11959.764296832001  22925.52370944       1        1.483849            
6898.391900928001    2088.49398912        1        1.375954            
-16876.274811264     13877.572870656002   1        0.789526            
-4439.4961248        -18608.517975168     1        1.806161            
-13450.184212608001  2914.9967404800004   1        2.18747             
4974.623926272       -10107.007016832     1        1.240849            
7034.9479580160005   23579.789637888      1        1.84957             
6441.223941504       24027.839054208      1        0.376269            
-16441.805039616     -7397.16462144       1        1.028085            
15465.46592448       9634.043346048       1        1.445007            
-19452.874788864     12739.604118912      1        1.312915            
2953.4278752         -454.20515711999997  1        1.497893            
4971.236257152       16137.00494208       1        21.355692           
-3951.9260478720003  -18399.451314816     1        0.421329            
14283.302977152      -20060.701486848     1        1.646984            
-19514.147342976     -14583.806126208     1        10.849489           
21384.216336384      11057.4807552        1        0.888565            
-13118.940983808001  -7094.3102208        1        0.534292            
6830.706110976001    5537.469459456001    1        0.900051            
5672.252019456       -21767.298144768     1        5.459423            
-23926.991121792     15777.070328448      1        0.726077            
-12983.519514239999  9576.068337792001    1        0.444456            
-16822.85102784      9695.378664576       1        27.120249           
-21089.860881408     16202.769175296      1        2.202181            
19868.14025856       5157.139629312001    1        1.718756            
93.770037504         19712.077342848      1        0.48648             
8784.988857216       4040.9549579520003   1        25.688919           
3133.3380503040003   -5082.945652224001   1        0.76276             
-14674.520019456     12999.680546688      1        1.868182            
-164.95776           2691.1852704000003   1        33.667263           
20268.926460288      13440.695520384      1        1.182467            
8153.863686144001    -10385.447668992     1        0.638672            
-6392.369085696      -11092.805856        1        0.207116            
15197.004814464      4737.358340352001    1        0.213984            
14115.771876096      12270.528623232      1        0.499436            
17145.481047552      -11742.589761408     1        1.765997            
5026.9372623360005   -6937.886812032001   1        2.09629             
5669.720521344       7535.74523328        1        0.937932            
12458.564376192002   7959.913593984001    1        1.604282            
-10083.121133184     -3631.4364556800006  1        0.735869            
-469.61462592        -3009.157848576      1        0.921415            
-6529.530256128      -14166.366432768     1        0.542461            
-9545.391022464      19009.880322048      1        1.389181            
-4393.518776064      4095.02408832        1        1.476725            
3975.5850140160005   7985.917374336001    1        1.328074            
-8106.5779407360005  14891.158643327999   1        59.634766           
-10602.923151744     -22529.839128192     1        1.267652            
-19721.298883968     -14027.818007807999  1        1.646496            
14511.403348992      14540.802845184      1        0.697649            
-21376.800479232003  -21449.98861632      1        1.027851            
808.2399156480001    -3363.6400047360003  1        4.299083            
-17951.554786176002  12324.868123392002   1        34.113267           
4257.389195136       21173.908871808002   1        16.691626           
-4496.693819904      -803.661331968       1        22.198861           
-9238.556714112001   6140.32328448        1        2.002489            
21565.99817856       10396.843433856      1        1.960925            
-13280.672009087999  -22222.977460992002  1        0.376642            
4586.231282688001    2430.395903232       1        1.246921            
8068.032542592       -10434.643705728002  1        34.77993            
-22103.733117312     11883.445985664      1        0.310716            
-21958.700645376     12571.7527584        1        2.127509            
-18687.192365952     14083.527059712002   1        1.704019            
18608.905827072      -21474.413630208     1        39.498315           
-10381.37120064      5441.584743936       1        29.035881           
7725.263192064001    6616.796934528001    1        0.330965            
-3018.379389696      -13703.4434592       1        2.006966            
10546.835904         -17165.836030464     1        0.504646            
-13268.690443008001  -7754.979729024      1        0.959669            
-22486.86481536      -22200.121557504     1        0.828279            
5123.470543488001    -3632.196066048      1        1.347019            
3477.5075301120005   -1354.3386151680002  1        1.727855            
23992.332097536      -23654.908987776     1        49.349741           
17311.34325888       -11561.301987840001  1        1.834853            
-14958.63521856      -12005.752910976     1        2.057357            
-3200.597364096      16554.698911871998   1        0.993825            
14051.005436160001   -17781.498624384     1        1.239714            
-18385.512786432     4713.3099129600005   1        1.736135            
12004.198284672      21640.835893248      1        0.256307            
6537.129578496       -1147.970824704      1        1.400341            
5170.08197376        18453.972670848      1        2.147243            
5350.798430207999    12105.178183296      1        16.138252           
-8267.761789056001   21950.314353792      1        2.012557            
-20329.439404032     -5253.866031744      1        1.511663            
-8608.373009280001   -125.93921472000001  1        0.659412            
24107.446864512      19797.53833728       1        1.945151            
-23802.752983680002  22619.123923968      1        34.70603            
-11996.357560704     4092.3026876159997   1        2.008709            
7604.564001408       -6786.359027712      1        1.712336            
14464.499018112001   14665.560801408      1        1.893954            
21861.982289664      11282.272315776001   1        34.748225           
-12781.315096704     -10224.957447936002  1        0.635096            
-13267.497919104     10807.264778112      1        1.018529            
-2689.167153024      -17651.024278272     1        0.24416             
4083.3418602240004   1859.144766336       1        5.314826            
-12892.58353152      -14902.483597056     1        2.019344            
-23841.882573696003  5561.45834112        1        0.585251            
-7030.335578112      20691.921609216002   1        17.919874           
4648.915231488       7587.812339712       1        1.947903            
-23750.415507456     -3596.541049728      1        1.164257            
17454.18863232       8298.71108352        1        58.869503           
7858.145116800001    -15672.350314367999  1        2.115674            
-23434.884304128     21955.737843072002   1        0.548939            
-3107.059072128      -76.093003008        1        1.97757             
22719.416632704      8357.276721024       1        1.152613            
-20557.935674496     -4561.21885824       1        23.279311           
-2500.500537216      1187.211459456       1        0.515639            
-9183.203327232      4603.72163328        1        1.135384            
-16647.298956288     -2814.26789952       1        1.811829            
17998.45267968       -18165.539601792     1        1.25803             
-4393.840644864      -14987.693533824     1        10.826491           
12757.2296544        -2875.6096554240003  1        1.646895            
14885.202461184      -17821.700037504     1        0.638801            
-883.4493888000001   -12258.632352384     1        0.791213            
-3435.746662656      -13809.230468352     1        1.492619            
-3153.192527232      5407.247780352       1        0.579062            
7980.46330752        16189.192749312      1        0.310111            
15185.718484992001   10762.481562624002   1        31.655324           
-16857.023838335997  11799.542836224002   1        57.24612            
-1653.143906304      4397.71755456        1        36.816034           
-19157.515103232003  278.849425536        1        1.949719            
15443.310085632002   -13021.662576384     1        1.926481            
-2656.154679552      10353.098245248      1        30.258976           
-22120.190269056002  7042.029071616001    1        1.315758            
-2236.164175872      -16404.199498368     1        0.4864              
5183.756569728       16377.233330304001   1        55.975287           
-14915.60136         10351.147720320001   1        0.707563            
-17917.066544256     -2108.293748352      1        0.966047            
-942.8502758400001   11688.071624064      1        1.231365            
-13540.894887168     -3264.778002816      1        1.60442             
-11293.536114432     5515.624224          1        6.336841            
9683.807481216001    12657.664369152      1        0.690136            
-2627.34259392       12224.536790400001   1        1.159598            
9447.39645696        -8006.294888064      1        17.207215           
-24016.05543744      11627.404183296001   1        31.624058           
-10816.201465344     4493.573301888       1        0.529851            
19329.595819776      -17876.573839872002  1        0.498331            
-3949.3044264960004  -21863.820160512     1        0.238411            
3529.141723008       21920.937388416      1        0.965381            
4735.16480448        -1437.0138351360001  1        0.312936            
-16970.867223552003  -932.980169088       1        0.711394            
-15347.74241088      -7767.017622144001   1        36.556954           
7065.7845984000005   4129.83419904        1        1.100383            
3148.911672192       -20921.444641152     1        1.294827            
-17977.238307072002  -5641.722763776      1        2.176761            
-18299.045952        17739.280703232      1        0.277395            
5769.721938816       17459.208176256      1        1.974664            
-11269.416875904     895.0688524800001    1        0.240313            
-20557.964642688     -6008.3425923839995  1        58.790049           
12138.49321344       -24001.543982592     1        0.31462             
23587.601393664      -14242.945457664     1        0.508073            
-6628.907248128      -18672.698613888002  1        0.816929            
-10778.748811776     21269.322049536      1        0.349457            
22445.28741312       14832.485179776      1        1.862202            
667.589687424        -13653.223879680001  1        26.289317           
1081.208798208       -20574.688945536     1        0.483816            
22596.585061248003   7175.918445696       1        1.657381            
-19000.340130816003  -3724.4999911679997  1        39.607592           
-15899.065041024     -18068.686061184002  1        1.957737            
11330.5059648        -2165.182449408      1        28.295067           
-9193.596470784      -13078.813600512001  1        37.936957           
22135.158777599998   -15537.859045632002  1        3.172796            
1570.6795104         -11980.104795648002  1        48.038133           
-2346.370443648      -12767.252648832     1        51.890096           
-14593.687498368     19869.714196992      1        0.677016            
21346.92622656       -13540.074121728     1        1.056921            
-4592.049061248      4844.642039423999    1        2.141235            
-10204.853522688     -12916.3133088       1        1.174353            
19096.034943744      -19990.84469184      1        14.976123           
-20169.417502080003  -22915.098379008003  1        0.551987            
-5303.952035712001   -23586.354152064003  1        1.100673            
-7588.485045504      -20453.143239936002  1        47.383091           
-12876.359734656     -5654.505783168001   1        1.737029            
-21953.182204800003  -8976.166049664      1        2.023192            
-23274.682155648003  23758.89835968       1        1.963838            
-1825.05242304       -12916.736566272     1        0.691654            
-8568.282640896      -1599.127884288      1        6.87947             
-15520.388007168     22224.643132032      1        1.343104            
-13367.05837632      -20023.007431680002  1        1.969281            
-7756.169034240001   -7236.5327781119995  1        2.256487            
9510.83679744        2938.22762112        1        1.407945            
15635.378854656      -10078.920745344     1        1.077791            
23742.84515328       -5438.19868416       1        1.87069             
22809.774860928002   14897.863170432001   1        0.386982            
16464.277919232      15178.370220288001   1        1.597465            
-20723.45831424      -5964.240129408      1        1.675334            
3799.160678016       -6071.573718144      1        1.182556            
-12752.25678144      -7713.194721408      1        1.352117            
-23032.868563584     6006.09594816        1        20.084325           
-2683.286610048      -1980.421711488      1        0.498381            
649.7452811520001    -14308.292870784     1        2.25226             
10806.761053440001   23657.170116096004   1        2.097999            
-16369.765974144002  6571.960610688       1        2.126331            
3060.737323776       -20680.22328768      1        1.359617            
13469.625088128001   20190.181258368      1        1.208584            
-2757.046064256      -16254.234387072001  1        0.870259            
7660.559516544       -1043.1107976960002  1        2.104837            
4542.426548352       21044.963402496      1        36.288229           
-5503.760140032001   3107.19264768        1        1.468253            
-5345.50851648       -5762.093648256      1        47.096523           
2783.164108032       -15657.578145792     1        1.47044             
-11858.568746112     -22330.298174976     1        1.078514            
-22975.109207424     -16826.628158208     1        1.794037            
1214.7199764480001   15595.986941568      1        0.690174            
14905.996795008      -18341.79012864      1        1.382002            
20664.165253248      22479.719328         1        0.558374            
1393.827088896       16984.433993472      1        0.514665            
