trucks_count 15
drones_count 15
customers 1000
depot 0 0
Coordinate X         Coordinate Y         Dronable Demand
10256.849817984      -15707.789678592     1        0.945273            
-12405.399697152     -12826.231887744001  1        1.958634            
14643.235981439999   15018.316131456      1        31.319271           
-11725.372999296002  -6967.503569664      1        0.641274            
-2676.5498960639998  12730.137957504001   1        1.896761            
-364.247655552       968.284348416        1        0.200882            
-9313.260853247999   -3138.983629056      1        43.311299           
12658.634803584      -10912.977757440001  1        0.826759            
-8919.777854592001   2785.063133952       1        0.411209            
-2273.806732032      13547.781270144      1        1.892746            
-4605.911950464      12564.69578496       1        47.193095           
2922.822980352       -11936.800567296     1        1.590207            
2188.67565312        -7790.7007284480005  1        1.184461            
6152.3128972800005   8458.826327424002    1        1.095514            
-14602.088274048     -12960.821326464     1        0.609149            
-11999.793510144     5419.630073088       1        0.237652            
8009.558637696       14447.505954816      1        15.054399           
-5213.017662336      11041.911961344      1        1.230475            
11864.079139968      6288.976780416       1        2.18775             
3328.112126592       -15705.171275904002  1        41.480058           
-3844.51360128       -5537.112185088001   1        0.20609             
2201.259113856       -2188.624154112      1        0.207129            
-12382.482638592     6454.377110015999    1        0.445505            
4754.143798272       8164.874817792001    1        59.297561           
-11116.328027904     -10670.319259776     1        2.235654            
-16081.999173504     1793.980818432       1        1.657096            
-4375.7033379839995  6007.85817984        1        1.499492            
-15671.951197056     15020.34551424       1        1.347761            
-6752.226450816      6761.12773248        1        2.17489             
-3426.230611584      567.024999552        1        2.001638            
4690.217435904       7507.9985333760005   1        1.977203            
-3300.384738816      -14285.707337088     1        2.170562            
-2830.7427540480003  -8959.634868096      1        0.850262            
13965.882403968      3916.098831744       1        0.828333            
8651.606426496       7812.587806848001    1        1.578631            
-15433.666896384     -216.966930048       1        15.350693           
2562.5455764480002   -4120.528972032001   1        1.26881             
-14009.368488192002  -6494.272747776      1        49.06364            
-5361.5923004159995  -2242.533959424      1        1.902068            
-13664.133622656     -15955.375987584     1        0.295447            
-3044.087050752      -1202.6724272640001  1        46.096645           
-8088.175092096      8592.680295936       1        2.202879            
3248.8310131200005   5945.916138624       1        1.587504            
-15900.304235904001  -1606.389244416      1        1.73334             
3551.978314368       -14671.127522304     1        1.777662            
1214.0553173760002   1417.881953664       1        1.656818            
-13496.608958976001  10303.297095168      1        1.351774            
-8070.44977728       -11691.49791744      1        0.635555            
-4560.93722304       8330.379754752       1        1.750433            
10335.361665024      978.8432544000001    1        1.71536             
6083.189963136       -2758.8791070720004  1        2.086905            
2534.111686656       -4824.550988928      1        1.726266            
-1357.434993024      8034.405299712       1        0.715057            
-8829.100976256      -3671.365889664      1        0.915629            
9455.335350912       -8194.100504832      1        15.519763           
6567.074642304       -2865.3484780800004  1        1.71422             
8716.060653696       8305.016493312       1        1.724473            
-9209.490352128001   14378.358880512      1        1.60718             
3106.602018432       -13389.148232063999  1        5.397543            
1030.799316096       -430.333757568       1        14.063027           
-8347.797684864001   6546.241684224       1        1.355209            
15577.196241024001   10793.707664256      1        1.185837            
-4316.664553344      2701.6975054080003   1        1.627881            
-15381.115377408001  5709.5099424         1        1.748482            
7364.8023229440005   4330.490427648       1        0.824041            
-10679.97693312      14912.570965248      1        2.077447            
-9615.289660416      -11536.569589248     1        1.033623            
-14800.396469760002  -13174.485882624002  1        1.284515            
8784.705612672       -9704.991276288      1        1.243282            
-10016.848347264     -8882.260827263999   1        1.904456            
-9940.187245824001   -10504.869040512     1        0.879949            
-8683.366830336001   5486.253696          1        1.767326            
6235.956942336       4171.02535872        1        4.513051            
1227.884410368       1962.268311168       1        0.547484            
2796.096796416       -6174.620014464      1        59.177506           
-10803.666284928     8326.193851008002    1        0.56041             
-15662.333757312     853.557433344        1        0.965271            
-8215.417875456      -14435.873616384     1        1.971243            
4214.2201516800005   -13581.32643648      1        2.091643            
13258.038195072      -9454.382619264      1        30.436948           
11851.696847232      2089.2310686719998   1        0.336942            
-15456.442332672     2559.8225664         1        1.646843            
9570.70439424        -9785.389274496      1        1.952706            
-1006.182790272      -13658.726226816001  1        1.004959            
12676.619222784      3802.54190976        1        0.330698            
6005.873858688       13942.226656511999   1        20.591084           
-7068.3692048640005  -11336.373633023999  1        1.258785            
-3055.2703822080002  15838.59233088       1        0.676859            
-5442.574490496      -7117.4558062080005  1        2.097356            
916.0579169280002    9718.345612800002    1        0.991672            
12774.913126272      -15077.237433984     1        1.19456             
7387.119096192001    -8195.651912448      1        15.220673           
-9569.342889216      13760.288707968002   1        0.486904            
14739.759606528      13592.614375296      1        1.418007            
2707.800137856       8375.013301248       1        1.621497            
-4494.023918208      11405.634970752      1        1.754224            
8619.223206528       13466.134420992      1        1.635621            
4.568927616          -5594.718653568      1        2.029286            
-7952.216101632      13662.231378048      1        6.796858            
9287.522614656       11516.958123264      1        1.32569             
1126.4603328         -5689.8759456        1        1.285798            
11865.76573248       -7884.742745088      1        1.15113             
-12626.22100608      10612.56955968       1        1.014016            
-9955.290939264001   3996.2216321280002   1        2.207263            
10657.801782144      -3845.1911351040003  1        22.172464           
15374.227385088001   13314.543872256001   1        59.400581           
12008.083241088001   10360.938969216      1        1.666522            
12097.95383808       -16046.323235712     1        41.661759           
-16017.509540736     15972.361004160002   1        0.202655            
-11899.389756672     -4546.4305962240005  1        1.797322            
-7490.461511808      -3151.954941696      1        13.342358           
14776.447821696      -10054.566542592     1        1.069814            
12565.107777024      4710.2328472320005   1        1.444147            
-4105.079269632      -11416.887504        1        0.561837            
15635.54944512       2502.193567104       1        0.534272            
11842.818096384      6460.004985984       1        15.970638           
6249.382089984       7368.26884992        1        2.171824            
11450.653150464      15081.801533568001   1        2.26525             
5617.3234993920005   14604.497462016001   1        1.611477            
-4195.554979968      -15487.439907456002  1        1.122042            
148.33645516800001   3172.721916672       1        4.336156            
15400.956979584      11852.371162368001   1        31.586893           
1961.124067584       1911.6286928640002   1        1.292751            
14402.573070336      -9638.792520192      1        0.326554            
8854.564017024       -7479.635454720001   1        1.106474            
14743.012090752001   -14284.275020928002  1        1.046977            
15854.309184384001   -14379.276206592     1        2.148567            
-1852.1940096        -6969.592498176      1        0.705738            
-12133.887270912     -15821.673297408     1        1.024593            
-11209.784243328     -5087.887947648001   1        6.738721            
-7859.955628799999   2873.425775616       1        0.99976             
-13987.717983360002  -1629.58954752       1        0.449452            
-11163.217874688     517.986678528        1        0.424944            
-7671.194061696      6775.816215168       1        15.133486           
12542.15692224       -12910.294362240002  1        2.637026            
-9787.64396544       12481.635931776      1        0.209137            
-15197.297715072002  -10315.60535808      1        3.10055             
-5204.930708736      6350.051385216       1        0.371736            
-6584.01942528       -15731.762466816     1        2.178469            
-12760.766992511999  -15613.359810048     1        1.408456            
11157.783120000002   -15021.209731968002  1        1.017531            
6854.92834752        -13492.604911104     1        1.15776             
1364.4292020480002   250.14355660799998   1        53.163719           
3221.1953579520004   -14410.518401664     1        24.395212           
-8922.343148928001   1539.566062848       1        1.561767            
6058.932321024       -2667.2398410240003  1        0.365114            
-11738.653305984     228.03277939200004   1        1.541039            
16007.052023424      9375.3944064         1        2.076831            
-6553.59477696       -13003.248462336     1        1.738358            
2995.38347328        -8449.542021887999   1        1.372759            
5037.5685888         9090.62903232        1        48.407446           
5236.74904896        -7025.872867200001   1        1.746445            
-11990.198601216001  -14285.354890752     1        1.941601            
-8028.973763712      16010.483144832002   1        0.486958            
-6037.640699904      15190.412941440001   1        58.444616           
8972.612618112       -13268.714583168     1        0.24475             
10959.273756288001   6200.4403296         1        8.222382            
8389.315541376       6026.484727296       1        36.660854           
14535.44212032       -15744.537439488     1        31.643653           
-12591.114776064001  -5821.999869312001   1        0.808541            
9529.508406528       -2695.197364992      1        1.587907            
8830.21303296        14844.43616832       1        1.042433            
3308.125683456       -1228.582865664      1        1.538266            
-3477.822961536      -11292.177828096     1        2.176959            
-8387.994269952      10558.524569472      1        1.810504            
-12572.063361792001  3614.1746319360004   1        0.390348            
3242.1280953600003   14727.065101056      1        0.491375            
-1484.615011968      255.93397632000003   1        0.685074            
-432.544996224       13375.763318016      1        0.812407            
1952.000696448       -15921.291691008     1        0.788658            
3357.579215232       8658.41556096        1        1.381867            
1956.5390465280002   15163.705877760001   1        1.753022            
12853.672812288      -1353.284494848      1        0.299696            
-4785.11884224       -13055.655140352     1        50.292253           
14435.535654144      -839.82811968        1        1.029652            
-4647.386354688      5799.187418112       1        0.224554            
-9656.65945728       13309.096242815998   1        0.242988            
-304.67295936000005  9284.461642368002    1        42.87472            
14674.946495616      7388.195747328       1        2.234903            
14609.016499968      14682.243261312      1        0.619075            
-7266.876959232      5461.267021056       1        1.770729            
1975.22031168        -6724.062930816      1        2.031658            
11117.918059776      -11714.328071424     1        0.728666            
8438.353862400001    7743.50349696        1        0.728623            
3307.461024384       -5271.91321536       1        20.283384           
10904.972880384      2216.6943321599997   1        2.163201            
14032.420731647999   -4120.068699648      1        1.027845            
-890.0332151040001   -9491.97528576       1        1.802663            
3911.5089826560006   -3962.579905152      1        0.685324            
3487.1056577279996   3628.142128512       1        1.788161            
-14837.998792320002  417.975604992        1        2.234532            
-15106.849363584     4373.982949248       1        1.72066             
-8156.437027200001   -10613.19720384      1        15.831176           
109.871524224        13546.99912896       1        38.406279           
-1366.456975488      15396.724404864      1        1.39376             
1533.4054940160001   15016.518494208      1        2.021376            
14114.854550016002   3925.0612684800003   1        5.22571             
12087.964639872      10935.157736448      1        2.184414            
-8874.647020800001   10463.417167104      1        37.333334           
5513.380798464       5233.588297344       1        49.172975           
10813.243491072      8236.460048256002    1        0.940132            
7054.821747072001    15155.179573248      1        1.839613            
9576.38537856        6672.607375104       1        0.782901            
3588.16924224        -11965.807383552     1        0.44024             
3469.686118272       -10673.645773824     1        29.803902           
-13606.364610432001  -4872.430582272001   1        0.852684            
-15829.570348416     -13278.332022912002  1        0.303662            
11079.623719296002   -5963.573860992      1        1.288995            
-9254.59704576       3951.079532928       1        1.955177            
1415.859008256       6118.228600704       1        1.731209            
-7520.2005795840005  7303.108120704001    1        1.360931            
-10949.571021312     10322.132857344      1        2.05509             
-7189.248642048      15310.470003839999   1        1.381793            
-157.036568832       -147.103697664       1        1.516207            
-14720.801534208     -6606.600130944001   1        1.875658            
-8467.701859584      6951.278163456       1        0.585578            
-2606.7510374400003  7702.080591744       1        1.67363             
-8667.263734272      9176.088417408       1        0.697426            
-10455.077546496     10243.894598784002   1        27.999326           
1174.9080245760001   13626.116089344      1        1.725173            
13066.411995648      -2500.658252928      1        26.144416           
3614.874696576       -2718.429854976      1        1.020209            
-8081.589656448      -2266.29431424       1        1.547218            
5221.543966848       -884.8672208639999   1        0.201318            
10893.548147328002   -1733.838023808      1        1.601899            
-9671.711651712001   -3097.7345329920004  1        0.54082             
-7995.39801984       -8446.970290176001   1        1.441883            
13944.677687424      7866.309318912       1        1.58594             
4510.194606720001    -8739.323721216      1        1.85986             
-12160.42857216      9779.835428352       1        1.370935            
-6869.689250688001   7806.5946097920005   1        1.980768            
-8728.780908672      1708.735476096       1        41.410716           
8587.979402112       -4508.24730048       1        2.109249            
7704.547716096001    -11119.649713920002  1        1.850954            
10032.178958208      -13878.512727552     1        1.501213            
-8823.991309056      -8290.654707456      1        1.639813            
10612.484264448001   -666.5098176         1        0.244079            
-6763.56588864       -5128.623662976001   1        0.452266            
16.762927104         -1949.573805696      1        44.854514           
-3947.4520715520002  2165.797218816       1        2.03336             
-1608.672903552      7166.370207743999    1        53.247814           
3700.948851072       -6241.393306368001   1        2.209529            
1240.85250432        15824.338371072      1        0.660076            
2697.3796354560004   -14995.891532160002  1        6.600231            
8954.121255552       8650.676225664001    1        1.480477            
-3986.7715641600003  14415.203202047998   1        1.51889             
13823.170606080002   5058.203597568       1        29.832138           
4093.089656832       -15838.13366784      1        1.002537            
3169.30527936        -12285.279870336     1        0.668204            
-1717.0026762240002  15923.950327296001   1        1.529006            
-1137.4392775679999  -11683.546148736     1        0.768041            
7103.697524352       -8901.952760448      1        0.534392            
8639.348053248       1831.3304739840003   1        35.289435           
2035.9118926080002   6019.851011328001    1        0.883181            
-49.292597376        -640.12462272        1        2.254081            
4303.738302336       12030.472434816      1        56.35432            
3236.500219392       -15134.285460096002  1        0.209852            
13783.5887904        -9399.674579328      1        1.295932            
-13535.791657344     15011.50216896       1        1.551121            
-13319.664804864     11510.858709504      1        1.316437            
-3522.6367545599996  8686.291008384       1        1.778009            
-6464.474134272      6472.213469568       1        2.099568            
-14669.318619648002  1638.104586624       1        2.002419            
-6400.478570112      -2734.381672704      1        40.83445            
-12849.26803776      -4536.970872192      1        0.311788            
12595.854294144001   13188.746279808001   1        1.687459            
-8506.118510208      1953.6760235520003   1        0.385128            
15068.89942272       10005.368896512      1        1.679204            
-13111.348098816     -3449.3858530560005  1        1.153254            
11253.323435904002   -2799.685633536      1        0.722106            
10877.263195392      -560.103211008       1        1.935488            
13840.920061056      -10514.86628544      1        1.33271             
-12711.364959744     -10776.363763968     1        2.190983            
-13250.257016832     9760.845169152       1        2.090961            
13075.30844928       -15027.632623872     1        2.20313             
-1164.1881841919999  10192.31351424       1        2.092461            
2485.609277184       -4241.5468128        1        1.802216            
-14197.748640768     4691.0349826560005   1        0.989952            
-2889.0396311040004  -12581.33640192      1        2.020196            
4134.69441792        2463.377799168       1        1.567175            
-14947.725475584     5689.880773632       1        2.146846            
4173.354079488       1086.513196032       1        48.721177           
-4134.296909952      -7639.1713347840005  1        16.274806           
-8498.488610304      6320.2817399040005   1        1.289305            
5210.188435584       -6339.4264961280005  1        2.251416            
2689.965387648       -5567.771797632      1        1.257165            
-4082.8526196480007  3508.954111872       1        2.040428            
12099.447309312      -849.4230286080001   1        31.37451            
-14940.391694976     -15203.849354496     1        1.945738            
-14621.315106816     -6347.988206208      1        19.176814           
-7605.706635648      11213.118804096      1        0.432658            
-10468.829390976001  -8518.23365184       1        1.701055            
-9047.250774144      3405.2206256639997   1        2.211824            
-9595.259764992      11960.470798848      1        2.161229            
13815.387818496      12731.336918784      1        15.213636           
-11300.074879104     -3450.262945536      1        2.218548            
-10983.55553856      -13831.912562688     1        1.899889            
-13629.431337983999  -13878.004174848002  1        44.889179           
-13556.376776448     -9111.841795584      1        0.653732            
-9753.96844224       -3733.6619865600005  1        25.573008           
15485.013016704      11275.680442752      1        22.116295           
6447.617865216       8659.142984448       1        0.796934            
-7949.641151232      5924.637392256       1        0.948336            
-15933.51948672      10968.450235776      1        51.089279           
11241.221169024      -1556.695920384      1        0.862152            
9693.508606848       -10619.278914815999  1        16.950371           
-4155.3616135679995  6439.133403648       1        22.27926            
1756.153187712       -3105.650896128      1        0.739858            
-10766.329504128     -2903.4577440000003  1        0.523239            
-1339.189860096      4554.699405696       1        0.274782            
-11454.435108864     -11947.378785408     1        55.722634           
3935.211401088       14562.517723776      1        0.793875            
8236.191287808       -14387.84113536      1        0.494003            
12489.083975808      6489.509089536       1        1.640232            
-11078.561552256     5859.648862848       1        55.551894           
-5335.630363008      1795.6255680000002   1        22.685593           
13617.433678463998   11884.327906176      1        0.916781            
14861.05264512       11704.853863296      1        0.624593            
-3450.7344833280004  2029.1880533760002   1        1.942591            
-2947.556988288      -10501.254453888001  1        1.062139            
5009.472661248       15148.209504384      1        27.572839           
10010.863196928001   -14828.962325760001  1        1.438575            
-14313.655204992001  -8081.708747903999   1        1.643997            
2708.049586176       -4851.9307584        1        25.659681           
5389.882958592       -9350.430262272      1        1.047847            
9582.874253568       3547.6636631040005   1        2.101572            
10056.246697728      10480.66772544       1        31.830734           
2365.874083584       1389.7474018560001   1        0.522232            
4650.732180864       15657.502506624      1        0.556875            
-15065.582564736     3318.262941312       1        0.490723            
13779.86315904       3720.426741504       1        0.555689            
-14081.668267392     -10386.157389696     1        0.877479            
-12396.031705728     6646.0580271359995   1        1.732513            
-6655.202319744      8070.850503936       1        1.17824             
-4944.80600064       5747.306995584       1        8.820259            
-2481.53602752       -4247.820035712      1        15.295401           
10381.504776192      11211.377493888001   1        42.111216           
-9861.911972352      -11129.967218304     1        1.598791            
-6306.771297024      12324.367617408      1        1.852402            
-12489.027648768     8386.706794752       1        0.825072            
7641.2827941119995   -9753.382641024      1        10.019919           
14851.663732224      12257.9306784        1        56.101105           
3908.448010368       -1422.066248064      1        1.802175            
3829.6416533760002   7304.628950784       1        0.520629            
-9489.540348288      15080.14873728       1        39.983726           
1747.919783808       9674.838607104       1        0.237007            
10131.491576448      12375.248637312001   1        2.223653            
-9531.20304576       2559.095142912       1        42.589695           
6138.808891776001    -9737.628772608      1        0.347083            
4348.465190784001    13164.50634048       1        0.635069            
-15169.238802431999  -15622.352824320002  1        0.7644              
8275.09396032        -4515.309101952001   1        1.444869            
15676.026056064002   -12737.890167552001  1        1.421293            
3812.1400373760002   8324.71003584        1        1.4007              
-13302.02478528      -14054.492884608002  1        0.314784            
3910.356692352       3725.8711522559997   1        5.053335            
13752.037601280002   3358.675178496       1        2.042               
-4329.035580672001   3384.3055910400003   1        1.196129            
10175.24642112       -1373.243579136      1        0.561513            
-10567.206980352     -3751.56593856       1        2.044243            
12114.287070336      4063.365073152       1        1.283447            
-6198.76661184       5902.026109056001    1        0.760157            
15345.210912768      9721.198979712       1        0.613703            
634.599744768        15814.453780224001   1        1.372155            
11321.617557888      -6520.2121543680005  1        2.020572            
5155.20358848        -1103.606038656      1        1.472225            
10911.704766336      -12209.386425984     1        0.31545             
15137.203200768      -10952.949034368     1        37.802731           
10112.115074688      -13091.96515968      1        2.177201            
445.82852160000004   4207.433548032       1        1.859499            
-9659.271422591999   -5475.424420224      1        24.554164           
-14197.632768        -12109.029343488     1        0.929257            
5238.755900928       -8910.385723008      1        0.337353            
-12030.226205184     3544.905247488       1        40.537135           
8883.36966528        11032.479596160001   1        2.208059            
-4864.873102848001   -14185.276224768002  1        1.454026            
-4843.407672576001   7538.777237376       1        0.838057            
-11336.2593696       14348.643952896      1        21.496973           
7746.764027904       9771.429824640001    1        0.624737            
16080.121069056      6830.641737216       1        2.035588            
-6714.178339968001   6310.546818048       1        34.997645           
-14797.184219136001  -15865.685637120001  1        0.775201            
3544.7958120960006   -14297.622920064001  1        0.428322            
13491.457448832      -5653.186121088      1        44.52713            
-12912.352713216002  -6404.508367488      1        1.615163            
684.7356384          -8275.23880128       1        1.116466            
13275.403016832      -2316.4028490240003  1        29.040733           
3047.514953472       6119.1716762880005   1        1.202716            
4990.836457728       12141.773056512      1        1.460848            
-7751.691839231999   8976.57482304        1        1.46913             
2918.5067197440003   -7399.903724928      1        1.116748            
631.73189376         -10331.953074432002  1        0.617324            
-7351.58799936       2130.874454016       1        0.888292            
3984.3897350400002   15354.963537407999   1        1.250243            
-7823.425129344      -11758.911728256     1        0.87414             
13204.350479232      -3464.795321856      1        0.608805            
15645.089636352      -1542.839468544      1        0.798424            
-8693.602258176      -6697.3655232        1        41.680844           
-2791.727427456      9616.41781056        1        1.183139            
-14615.521468416     -7434.6156656640005  1        20.771071           
-10550.968699392     14793.18660864       1        1.651767            
16067.321956224001   -6629.365911168001   1        1.636002            
-13008.708966528002  -14146.880495616     1        0.344705            
-8733.605721984      11227.301952767999   1        0.742636            
609.170500224        15630.771302784      1        0.781377            
6442.878347136       3885.553482624       1        45.012268           
-6230.351597184      -15722.177213952002  1        2.20018             
1697.7307818240001   4798.273620096       1        1.696063            
-14010.910239744     3377.88430848        1        1.307473            
8736.426902015999    -3171.50203392       1        0.286226            
-7912.42828992       -15605.926250112     1        20.279092           
11832.43621824       -13466.987373312     1        1.793361            
-5018.905026431999   -943.4344677120001   1        1.922225            
-12100.298652288     1601.9217054720002   1        1.817271            
13313.27409984       -13320.554772096     1        1.897615            
2473.571384064       -10122.447063168     1        3.796179            
-1515.0380509440001  3191.057172864       1        1.822277            
775.0648984320001    3376.3506036480003   1        0.931824            
6727.754765952       7046.527188096001    1        0.338032            
4612.362201216       7034.447452032       1        1.694478            
3485.988772992       9751.399929216       1        31.399559           
5131.00710144        11034.12917376       1        0.445452            
-8544.662299008001   11447.308933632      1        0.769828            
-6302.323070208      -1149.118286976      1        1.847505            
-14830.71651072      565.344844416        1        9.762978            
7958.764522368       7533.683663616       1        1.076998            
-15753.258474623999  5049.094710528       1        1.635122            
-3342.9357941760004  -7191.215260416      1        0.378582            
-2018.204280576      6882.171322752       1        0.88578             
-15542.918823168     4207.2597388799995   1        0.49746             
-8578.727283456      -9999.736192512      1        1.880014            
-9269.560726272      6455.558368512       1        3.317651            
12847.412464128001   7997.271296256001    1        1.198103            
-2592.289472256      10088.420702976      1        1.866301            
-9517.921129728      -9267.640778879999   1        18.690787           
13437.264398976002   5168.281117824       1        55.249151           
7551.347823360001    -9731.331409536      1        0.960706            
-2248.0395252480002  15825.818967552      1        1.427457            
-11527.684401024     3691.930087296       1        0.65325             
-9013.357989504      -1629.4495345920002  1        2.045714            
-15252.989064192     5115.01022208        1        0.384156            
-3980.557886976      14683.656265344      1        0.612181            
3132.742593024       -7186.046047488      1        1.637216            
-9632.379284352      5053.6427166720005   1        0.269366            
6751.812849408001    13880.311974144      1        1.249081            
6669.955176192       6625.622577024001    1        2.092074            
13718.439326592      -1256.073679872      1        2.151664            
12341.32688448       -3479.401728         1        2.198851            
3646.132985088       2915.625993984       1        1.834814            
-7427.441210112001   852.094539648        1        28.176711           
-14590.142113536001  14214.096357119999   1        0.627195            
-13133.053321344001  5484.538135296       1        0.263671            
3105.5591635200003   -6927.168580992001   1        1.004972            
7330.788837504       10399.42804032       1        1.271702            
-10783.034494848001  4370.4971101440005   1        0.98986             
-15072.258123648002  2659.025749248       1        2.04396             
4441.00086144        8015.173638912001    1        1.994079            
12357.730927872      3330.23967936        1        0.606456            
-9331.752215808001   14380.162955136      1        1.639193            
-12009.341748096002  -10196.557354368     1        1.752816            
-1577.112058368      2145.643403904       1        1.76207             
15273.525902976002   9359.709739776       1        1.42099             
-9902.581704576      13611.319780608      1        1.257508            
-7713.991346688      -14636.001980160001  1        0.473389            
273.667337856        -14569.994736000002  1        1.391972            
-2438.664712704      -685.704463488       1        0.49289             
-11114.0491968       9050.038157952002    1        1.686327            
6326.4696675840005   -6086.0867823359995  1        0.526973            
3452.808927744       3535.083421056       1        13.169843           
-1232.631975168      -5706.947866752001   1        1.870661            
10582.735540608      -3734.4859706879997  1        50.024039           
-14856.858694656     109.78140096         1        0.471157            
-9147.24575424       -11343.628555776     1        1.384032            
12108.730005504      -1221.086541312      1        0.693147            
-6122.882823552      3939.3136189440006   1        29.632329           
-3988.96831872       -10996.604099712     1        17.204255           
942.6072648960001    7187.003607168001    1        1.289782            
-2337.332367744      7512.42583872        1        35.898974           
587.12087808         -5865.965538048      1        1.261912            
9752.692232448       -271.67336064        1        59.001151           
962.1350449920001    -8004.085258752      1        1.153429            
-10844.10588096      16017.118470144002   1        1.551196            
-4600.895625216001   7768.324409472       1        0.514896            
-12814.934292864002  6079.379036544       1        2.007811            
-3206.68229376       5366.396192256       1        1.910146            
7692.7850208         -12670.278407424     1        0.878015            
-14940.797249664     -12328.320166272     1        41.179979           
-7202.3712330240005  8433.390645504       1        0.436032            
-12382.596902016     -11883.626232192     1        34.529565           
1178.343974016       -6886.569659904      1        1.406118            
13840.332650495999   11357.19693504       1        0.805379            
-11552.32989504      6300.757178496       1        2.023903            
-9846.219259008001   -5962.566411648      1        38.85332            
-9205.243293312      -11905.8464448       1        5.305558            
6830.443787904       13266.7479648        1        1.388248            
-9034.5353472        -11471.375063808     1        1.187213            
9965.799955584       -1183.509968256      1        10.752602           
6777.1922042880005   14665.081216896      1        1.595536            
12473.991547776      -662.895230976       1        48.203024           
7979.491263744       -13185.952458624002  1        1.814984            
11737.835759232      11933.791094016002   1        2.637799            
-1878.078698496      -923.295136896       1        1.348435            
13467.283492608      -13260.683956608002  1        0.2071              
4128.509708928       14728.870785024      1        1.770131            
-12932.958753792     -7225.494287616      1        1.91837             
-1996.370310528      12568.141390464      1        1.72497             
3311.2719509760004   9840.362856192001    1        2.138588            
9393.874503552       -8177.635306368001   1        0.91876             
4694.771879424       -1135.8749952        1        14.647935           
498.40739942400006   5060.804297472       1        0.692016            
-13985.23154688      3953.6399992320003   1        1.602414            
-68.03823628800001   3895.11942336        1        13.75633            
-2826.9881544960003  -7723.492913664      1        0.639075            
14095.859462784      -14367.413731968001  1        1.398634            
-7388.741314944      1460.639005056       1        1.950103            
-13693.444604928     744.823715328        1        1.86201             
-9608.985859968001   -13426.739289215999  1        1.442863            
7322.275407744       -7423.617408768001   1        0.61476             
7394.56553088        -5681.657025792      1        1.969736            
-14345.220878208002  3759.6400174080004   1        55.776082           
1510.782945408       -11372.828493312     1        59.757313           
-8564.375153664      -1311.351427584      1        1.597215            
-10278.18811008      5602.359818880001    1        1.352614            
15585.178587264001   14971.788387072002   1        0.294577            
7125.146861184001    15942.642857856      1        0.804091            
11462.327331839999   6198.765002496       1        1.161519            
-3846.958194816      11446.00858368       1        2.041507            
9133.942916736001    -15235.881737472     1        52.872379           
14378.886745344      6045.170820480001    1        25.595505           
3635.263475712       8455.981007232       1        2.245842            
-7492.2655864319995  15065.049871872001   1        1.448514            
-4067.034377472      -14534.582730624     1        0.492938            
14448.894818688      4565.4272928         1        1.459561            
-10716.824473344     -5561.006115456001   1        1.806308            
-9513.070566912      2990.355882624       1        6.545124            
-10445.011099776     12582.553065984      1        1.460087            
4658.410361088       5088.637901952       1        0.9169              
7649.921752703999    4937.140695168       1        0.696143            
-548.9230982400001   -13241.194800767998  1        1.999               
-4888.51114752       4174.755818112       1        0.258236            
-381.506260608       13198.88192832       1        2.074229            
-5073.429601152      2946.095703936       1        0.691793            
9592.837702272       -909.8023968         1        1.756029            
-5604.4712782080005  10904.430531456      1        1.717848            
9538.832945664       14030.664937344001   1        0.830144            
1100.263431168       -5334.630960384      1        1.191053            
-4900.96747008       15985.245412224001   1        16.797456           
-4351.15118592       300.548210688        1        1.587285            
7662.922033536       -15285.367456128     1        1.652182            
2066.903030016       6316.456329216       1        25.409285           
-8141.8322304        -6732.351052416001   1        1.877719            
-1036.134291456      -306.814996224       1        0.641539            
9102.370806144001    -3126.6560540160003  1        2.118692            
6877.552505472001    13842.888288768001   1        0.879799            
-6757.0979351040005  15649.792139520001   1        1.918977            
3629.930109696       9938.893333248       1        1.171               
3941.2416130560005   -1105.5420794880001  1        0.789727            
-5057.864025984      -11329.237801728     1        1.354544            
15287.654333952      12046.950508032001   1        40.416009           
9434.70677952        -2809.502631936      1        0.602537            
10260.240705792      15091.015027968      1        1.504849            
-12207.601663488     7567.92406656        1        1.063184            
6185.793689856       -15066.387236736002  1        1.621503            
11836.898929152001   -2670.427951488      1        0.406075            
14957.698580352      652.543930368        1        1.382641            
-4913.299873152      -1489.200033024      1        1.919998            
-12238.361055360001  -9880.89740352       1        0.449372            
-1377.603292032      2883.4487700480004   1        1.341387            
11639.986034688      -12504.42585216      1        1.985016            
15516.113589504      7035.709177728001    1        0.39286             
-14371.712289792     7067.98939968        1        1.149148            
10304.135563392001   -11427.073042176     1        2.002946            
14367.838598784001   12510.319269888      1        37.505582           
-10625.563403136     -4828.894608384      1        1.534088            
-6057.733359744      5013.805015296       1        42.117071           
7462.449270144       -9071.962251264      1        1.704785            
-15431.603717376     -10695.597225984     1        0.372788            
-2372.187540096      12619.234843776001   1        6.975786            
7002.054576          8608.953982464001    1        1.211089            
13609.139119488      -1204.775839872      1        0.581963            
-2230.257883392      -10367.431062912001  1        39.205867           
-12409.949312640001  6854.973409152       1        22.302103           
15715.2039264        -14095.06122816      1        23.593956           
11528.3748096        -5839.694606592      1        1.285843            
-2601.9165680640003  -16027.547019264     1        1.490673            
4954.154679936       11361.522851712      1        0.300593            
-10946.378082816002  -5346.59482368       1        36.581173           
3015.3956659200003   11565.742167936001   1        1.955953            
-3770.7766778880004  7510.813276032       1        1.832225            
7012.053430272001    13843.728366336      1        3.487113            
-1548.3048007680002  -12172.147815168     1        10.915975           
-6192.445108608      6483.525548544       1        0.774609            
9503.548078464       -6676.149541248001   1        0.599147            
-946.064135808       5455.763064576       1        0.927255            
8154.134055936001    5154.798033792001    1        32.482753           
9717.545768832       -3793.2930097920002  1        1.553519            
-15746.286796416     -7731.275701248001   1        46.356872           
-11404.353932928001  9360.992386944       1        0.777685            
10356.957452159999   -9870.447932928      1        1.739497            
14401.097301888001   -7185.796599168      1        4.47292             
10664.950488192      -9875.589787008      1        1.804284            
-9156.058521984      -11171.563932672001  1        0.627765            
7758.867904128       -15488.542308096     1        1.517485            
8265.360647808       15910.792330752      1        1.047121            
-13589.130145536     12630.567844224      1        9.43382             
14820.518097791999   -3348.3480180479996  1        1.874292            
2823.037214976       -14147.210411135999  1        2.121096            
11018.383352064      10636.040232576      1        1.152755            
-699.3259511040001   14283.146870784      1        1.146427            
8832.49025472        8903.328749568       1        28.064775           
-1637.769843072      -967.1143553280001   1        0.940774            
14218.446413952      -4653.065729664      1        2.145657            
-14901.730424064     198.64132992         1        1.56122             
3443.1126301440004   9015.306905088       1        12.966187           
12403.730807424      8397.334902528       1        1.672463            
-14470.769022336     4610.089807488001    1        37.375802           
-1488.27305088       1159.392339072       1        31.292999           
-1658.4547415040001  4405.50677952        1        1.551146            
-13272.419293056     -3512.316031488      1        1.349963            
-1586.792262528      -4141.556660736      1        17.95127            
-12345.174825984     15109.189349760001   1        24.509088           
5819.912550144       -12644.886177792     1        1.336474            
-12156.366587904     1417.4055878400002   1        39.819173           
14892.710050944002   14045.416184448002   1        1.671416            
-653.789562624       -15620.957523072     1        2.011339            
-11440.783043712     -4596.513381504      1        11.723668           
7993.919032704       4387.995507456       1        0.605876            
11657.358903168      -1183.8125249280001  1        0.400979            
9903.156240384       12812.803521408001   1        2.0911              
-1492.206287616      -2148.953824512      1        1.625509            
-9285.538293504      7982.091963648       1        0.701374            
13265.52486336       -13289.97884544      1        1.930269            
-3577.087299456      -4926.597882624001   1        0.577944            
-9022.236740352      10051.442805888      1        1.916932            
-7466.203869696      15065.154479232      1        2.266264            
13298.706317952      7477.490199168       1        0.56315             
-1586.3239434240002  -10594.715497344     1        0.877311            
7131.088559232001    -3540.421615104      1        0.921954            
-2004.4508267520002  -14099.733153792     1        1.301068            
-15212.369221632     14529.370065408      1        1.366905            
-14586.324749568003  -7852.662081792      1        2.116636            
-4020.337651968      -3358.227780864      1        0.337835            
-606.8852317440001   3894.760539648       1        0.948014            
-3386.159555328      10700.714939904      1        47.645454           
14612.154720768001   14229.727915392      1        1.775331            
6098.678289792       -4096.554574464      1        1.737257            
-5886.9980547840005  14013.314599680001   1        0.526018            
-15635.679801983999  14495.763744000002   1        1.356055            
2419.598814336       -13949.578139904     1        0.353345            
6305.638318848       7795.971330048       1        0.922498            
-724.021334784       -7930.1004963840005  1        0.205064            
-14574.714941952     -233.11669708800002  1        0.598333            
14590.058427648      -114.31331366399999  1        0.466579            
381.775021056        -3032.565757056      1        1.084074            
-1452.284900352      -4269.89540736       1        22.222205           
-6071.047462656001   14033.315526912002   1        30.594056           
-10267.465051008001  -11041.723668096001  1        0.771317            
231.098579712        8530.490415744001    1        31.866643           
5668.836991488       -840.9079895039999   1        0.281133            
-9753.804289152      1853.4814847999999   1        1.973125            
-13371.793066368     -4927.598894592      1        1.863986            
3775.091329152       11989.965246336      1        1.546624            
4263.353424000001    10553.455135872      1        1.50636             
-8714.75064768       4822.725992832       1        1.620734            
13028.513553792      4855.4713151999995   1        2.137711            
7689.65484672        -12165.142340736     1        0.709475            
510.47587008000005   3738.37736448        1        1.538375            
7986.231196416       -9406.702584576      1        1.20079             
15816.521787264      7540.887087360001    1        2.188306            
3183.29852544        -9864.655903872      1        4.456166            
11518.816915584      15681.633010560001   1        0.561424            
15916.674483072      6039.983904768       1        0.646362            
-9861.857254656      4472.196385536001    1        0.301757            
-4413.3957838080005  702.58326336         1        21.688353           
-3888.727108992      -12162.570609024     1        0.629525            
-2352.131895168      1497.660354432       1        1.456092            
12610.346436864      -14000.034292992     1        0.733354            
-90.044406144        9459.131793408       1        0.537463            
-10372.53590208      15653.640081024      1        0.958769            
7366.430979072001    10107.616958208      1        28.925886           
-1377.492247296      -4970.615050368      1        0.605452            
15199.100180352001   -14032.552697856001  1        0.495311            
-12934.8609984       -4864.440189312      1        59.495585           
-9698.605399296      -11566.74961728      1        2.196963            
10547.579420928001   10723.3809408        1        0.487394            
-11630.83369536      7922.1728678399995   1        2.145355            
3975.066805248       13285.720521216      1        1.893377            
-8731.727617536      -4530.884333184      1        2.141999            
10421.40363264       9632.142710783999    1        1.784692            
738.677630592        -15781.29968448      1        56.472673           
14524.529158656      13255.712692992      1        5.743506            
2896.291335168       -3087.857988864      1        0.468385            
10105.00660224       -971.659142784       1        0.262317            
199.94489856         8406.554834304       1        40.425806           
-11594.266180992     -10040.637670272     1        2.113189            
12572.089111296      11706.944401152      1        0.282551            
-15903.765934848001  7693.779595392       1        26.842524           
-13690.307993471999  9837.078185088001    1        1.782189            
-7958.6164627200005  -12749.16684096      1        1.506589            
-40.549031424        -11669.824881792001  1        1.505387            
-7833.726540287999   12912.590896128      1        0.625271            
-1554.582851712      -5002.103475072      1        1.666338            
10758.063913344002   9569.260812672       1        0.395605            
14540.147842176      -16.058034432000003  1        1.714083            
3101.988029184       -12559.563586944001  1        1.454733            
-8358.523962624      -6301.149858432001   1        2.006634            
13612.425399935999   8969.025390336       1        13.963358           
8595.132936192       -10177.077854592     1        1.358014            
12971.959596288      15528.32690112       1        1.258882            
12643.497313920001   8334.67992192        1        0.231027            
-1457.415489024      -11505.2404896       1        2.188125            
9412.896949632       -10229.589139968     1        0.253715            
-10667.494861056     10996.568694144002   1        1.228166            
12090.547636992      -6911.76233088       1        35.278663           
-9109.736773632001   -14096.096036352     1        0.866303            
-4875.691113216      -6397.465878144      1        59.460655           
-16071.651091584     -1265.380516224      1        41.76956            
2712.513906432       -6554.936969856      1        2.019046            
1842.525070848       15968.653075584001   1        0.402237            
-13724.704502784     8843.068472832001    1        10.814897           
1638.7193560320002   1721.7808185600002   1        0.375777            
-13793.783984639998  11622.667883904      1        2.175484            
-9426.766276224      -10274.48661888      1        1.126204            
9107.076528          555.47312832         1        1.536682            
8076.079262592       -2299.319662464      1        0.46022             
6725.298907007999    -15512.996290176001  1        1.931256            
10853.441685504      171.43054156800002   1        1.597028            
11322.093923712      15897.25291968       1        0.456605            
6755.36628096        -15564.133195776     1        1.885042            
-1230.1423200000002  -14858.239511807998  1        1.451169            
9908.238548736       -14256.673161984001  1        0.86886             
4183.925860224001    604.368217728        1        22.541612           
-12560.530802688     -16004.834347392001  1        1.024114            
-9700.752264192      -8219.484687744001   1        0.489133            
-9614.771451648001   6881.56299072        1        1.958903            
-15308.422918272     -1219.2454517760002  1        1.801572            
10467.387418752001   14291.872733952001   1        0.41534             
-4745.525761152      9916.261128576001    1        39.665108           
11772.581496192      -4425.939010944      1        0.365053            
13182.873783552002   7223.212237824       1        1.256729            
12483.76992192       -12422.877172991999  1        55.302271           
14967.021510144      14974.162169472      1        0.922686            
-9220.211801856001   -15732.065023488     1        2.198828            
778.893527808        -13508.321764608001  1        0.419764            
13918.52423808       8889.071571072       1        2.117172            
-1847.34988416       3592.3535366399997   1        0.440808            
-15499.104432768     -8935.684610688      1        1.133261            
-15351.286186368001  -2192.995132416      1        52.586726           
9826.715619072       2155.0451915520002   1        1.328955            
11286.133132032      -8417.821851648      1        1.533997            
5185.584784512001    -12862.733419008     1        0.840635            
-12868.076441088     8209.21546368        1        0.408458            
-7375.535038079999   4828.34582208        1        2.089018            
3010.2425464320004   1791.3672437760001   1        7.22629             
-6046.85258496       -15752.389428864     1        0.396239            
5610.981074688       11264.189726592      1        1.828523            
-13668.615645696     14913.048940416      1        7.246179            
8051.573781504       -3746.445005952      1        0.384926            
6303.137398272       -7613.58115584       1        1.259889            
1991.291220864       -13299.150496896002  1        1.503922            
13741.454555136      -16056.15149952      1        1.127808            
11412.545493888001   10035.093480192      1        1.829759            
-7447.93137792       -3524.743385856      1        1.085979            
12670.663040640002   117.850651776        1        0.460229            
1097.905742208       3488.555676672       1        1.477624            
185.17916736         7802.88829056        1        1.122754            
-2533.0591756800004  -15159.65033088      1        1.791649            
-5666.337680256001   15655.540716288      1        1.494273            
10954.914043392      -10289.430987264     1        0.268561            
-5647.237985664      1606.007829888       1        0.523892            
2758.412397312       -13290.207372288001  1        0.822753            
-11250.251198208     -7312.514736384      1        1.127409            
6948.841616639999    -14643.564287616     1        0.519554            
-2580.956471808      11302.24588416       1        0.461908            
10642.022164224      -6423.743246976      1        1.225579            
6718.565411712       -1631.501448192      1        1.809502            
3661.902946944       -13446.693545472     1        0.636178            
7859.463169536       -6533.2124352        1        22.160271           
-3797.153826048      -9136.405213056001   1        0.505707            
-5786.101842048      -15919.693612416002  1        2.852293            
-7858.397783808001   14104.1298816        1        0.607629            
8703.261540864001    5225.911726464001    1        1.630695            
9816.206602752001    -15048.753654528     1        1.386894            
7258.163970816       -5483.430906624      1        1.442171            
6047.382059136       -2852.7988135680002  1        0.801514            
-7836.653937024      14930.495838720002   1        2.059834            
7602.996500352       4037.21645184        1        1.027317            
-4756.952103552      -4342.673161728      1        1.062027            
-10763.817318144     11963.57361408       1        1.154709            
2795.182689024       -13985.818957439998  1        0.437921            
-4584.797357184      15344.745812352      1        1.283182            
-1463.152800384      -602.9181987840001   1        1.544798            
11520.286246656      14144.030347392001   1        1.083527            
7984.552650624       10091.843777664      1        11.451649           
-13873.230860544001  -4302.788789376      1        0.521795            
5476.54935168        13272.671960064      1        0.648864            
9819.554038272       951.608325888        1        1.622702            
5524.147309824       -14874.308811648     1        0.806963            
-10135.563216768     1034.11617408        1        1.060844            
-751.140390528       -6443.00065728       1        1.049265            
14602.828572288001   15142.729688063999   1        0.376706            
-7812.156502656001   -7553.362722048      1        2.038098            
3374.845867008       2844.4720677120004   1        0.790045            
-14612.766271488     -12528.902365056     1        1.257267            
-13078.523918592002  -10512.838512        1        0.31834             
11349.586347264      6189.792909696001    1        1.883494            
10553.236265088      4094.8889034240005   1        1.544315            
5246.754340608       -5443.353412992      1        1.349687            
-15509.957848704002  12755.407876992002   1        0.380762            
-148.11114700800002  -15897.198201984002  1        24.698561           
-12293.220373632     -8194.9405824        1        0.524443            
-15810.663775104002  -3042.817278336      1        1.772595            
-13697.435778047999  -8775.693286272      1        0.796326            
-12643.252693632001  -1118.117493504      1        0.322483            
1819.7206663680001   -2401.2925263360003  1        0.826765            
4767.234202368       -4408.466363136      1        1.114346            
6430.457430144       -15502.419681408     1        2.013598            
13864.934692224      -6644.670772608      1        1.043895            
-15348.083591808     -2940.4050635520002  1        21.127723           
8937.09761472        2958.490871424       1        0.453965            
-6274.582807680001   9416.292665472       1        2.039138            
-8266.649732352      -7565.595345792      1        1.290821            
-2572.3030291200002  14405.25423744       1        1.989965            
9052.070759424001    5767.731180288       1        42.920963           
-6652.973378304      -8530.651350144      1        1.853291            
3645.894802176       15969.998487168      1        0.528773            
2632.708146816       -125.58194035200002  1        0.948029            
5620.730480640001    839.342097792        1        1.665135            
13316.980419071999   9166.757440896       1        40.302561           
2520.004177152       -3873.20015808       1        4.967279            
415.1930492160001    15192.102752640001   1        2.269231            
6322.07454912        501.671149056        1        12.915439           
10500.51898368       -15172.199995392002  1        0.445948            
-5088.3659228159995  -8265.927136896      1        0.515752            
-5505.313156992001   -2074.087141632      1        0.365685            
-10434.43127232      2833.164816768       1        1.807113            
-3224.8775370239996  911.5372696320001    1        1.934095            
-8362.806427008      -3123.0672168960004  1        0.569435            
-10709.415053568     -15.470623872        1        2.13282             
1794.336483456       -15914.986281215999  1        1.932859            
5725.70798976        -9800.723104128001   1        1.12025             
6757.105981824       -10487.117976192     1        0.928341            
-10434.999370752     -13393.506335615999  1        2.169731            
-11814.677107200001  -3582.1921386240006  1        0.216331            
8288.50784256        -2053.2010752        1        0.981569            
-8927.335334016001   13374.577231488001   1        0.346226            
530.211255552        -13176.800119296002  1        2.181984            
-14834.020493952     3269.276119296       1        1.278344            
-9098.207433216      13844.093687424      1        1.850002            
-1423.772152704      -6142.3784167680005  1        1.181386            
-4237.948319616      -9812.131743744      1        50.392907           
-4393.38037248       -14746.621849344001  1        1.037886            
-430.304789376       7378.106769792001    1        1.721963            
4525.520389632001    3352.562889984       1        1.507835            
7919.6751659520005   -14416.772312448     1        2.255672            
6273.105429888001    -14135.951440512     1        0.300799            
15086.581285248      -2080.641999744      1        33.086503           
-3411.250837632      2096.313791616       1        0.722268            
-8240.885744256      -6777.134267904      1        59.334857           
-15148.777602816     15250.51389312       1        1.081549            
14354.548636032001   15078.183728256      1        1.739669            
-12544.60312512      13891.9378752        1        1.535084            
-7976.485009152      418.463236224        1        2.151237            
-9794.190776832002   -15650.488985471999  1        1.629855            
14026.871713536002   -3237.4239828480004  1        0.56713             
11412.939783168      -7019.066951424      1        0.517357            
-4788.147627648      -5760.065874816      1        51.464491           
628.411817088        -12020.843729664     1        0.350159            
11834.629754112      -5026.803686784      1        1.230877            
8658.965956608       14563.224225792      1        55.83423            
11883.829009536      6907.928873472       1        2.196929            
2473.10306496        4418.199675648       1        1.541585            
4364.305963776001    -5771.488998528001   1        0.524016            
-5268.696136704      2900.950386048       1        32.765819           
14911.198194816001   1197.250547328       1        0.463102            
-12817.990437120001  -16049.232929664     1        1.61555             
-4481.879808384      -5721.914765952      1        1.005143            
2055.468640896       -13351.035747456     1        1.509627            
-3583.988166528      -2592.6435279360003  1        0.72962             
6902.2285770240005   11538.24813504       1        52.867483           
-13271.880162816002  -14405.522997888     1        1.595382            
7980.635507328       -5946.415035264      1        1.317101            
2774.982203136       -13635.297396864     1        0.929554            
-14600.279371392002  -7310.134516608      1        1.385914            
12201.841821312      -2426.179421952      1        1.298977            
-12401.513131392001  -14485.653844992     1        0.244679            
7445.20353984        5643.468902016       1        1.143807            
10890.335896704      -15521.854119552001  1        1.155465            
12275.026739712      -2195.5942229760003  1        54.856924           
-11620.475957376     13282.545285504002   1        0.819556            
1322.92904832        -4759.7942050560005  1        2.125634            
9071.247702528       13778.780070528002   1        1.814896            
-842.6332062720002   4012.64176896        1        40.877322           
15161.765008896002   3824.564173056       1        1.091278            
-6684.907591296      7737.6454848         1        1.992173            
15890.543564544001   7723.201622400001    1        0.951961            
-942.9114309120001   6495.497458559999    1        21.133676           
-12150.355688064     -9957.012937344001   1        0.260759            
11518.142600448      13229.842488192002   1        2.030187            
7537.187205504       9164.132600832       1        9.901978            
13454.059512960002   -11669.689696896     1        1.962728            
-3214.032167808      -12271.283405568001  1        0.32724             
-11607.676844544001  3065.002085376       1        0.697188            
4443.352113024001    -2658.269357568      1        1.319125            
5729.246937216       -965.3263741439999   1        0.313684            
1170.400252032       -14202.932337792     1        0.322235            
-14561.373480192002  -11269.666324224001  1        2.264012            
4037.10379776        11544.976802304      1        1.816548            
15591.846099456      3100.985407872       1        1.431449            
-11217.657154176     13153.654533888      1        0.96743             
11908.146197376      2002.023936          1        1.048404            
5572.038168576       -2994.430741632      1        3.784095            
-15296.895187200002  -8860.228907904      1        1.366618            
8079.64717824        9.248899968000002    1        0.278256            
1215.8577826560002   -2410.2774938879998  1        0.780714            
-828.37763712        -11533.836923136001  1        1.627225            
2983.382595072       3603.79597248        1        1.884514            
-14744.145068928001  -14142.77827776      1        1.558652            
-5407.490791296001   -10257.561148032     1        22.544522           
5295.065238144       4930.502151168       1        16.852366           
-2407.831291008      -9058.638492288      1        1.155897            
-9993.820243968      -13887.422055936     1        1.067275            
-739.3197588480001   10879.411669632      1        1.334257            
-12367.974402432     14929.618746240001   1        0.318488            
-3352.7141683199998  2170.523862144       1        18.610572           
10195.53220224       -6299.931585024      1        1.122369            
140.019365376        10769.176433664      1        1.305469            
7948.559672064001    -6317.438029056      1        48.77234            
12695.055867648      -3704.7066693120005  1        1.781954            
9018.221427072       -4617.697176576      1        33.989521           
14838.475158144      12371.865796224001   1        2.002265            
-10905.746974848     2601.237424896       1        36.357351           
-10640.922982272     9178.191830016001    1        1.01229             
-3053.89922112       10292.353555968      1        2.071672            
319.593187584        8833.280442624       1        1.429775            
14112.107399808001   3254.5409656320003   1        1.483184            
-13077.128617343998  5788.932678144       1        44.358653           
9690.635927808       -10270.160702208     1        2.213028            
-8711.676800640002   3469.01341248        1        0.971548            
4241.118727296       7608.085246080001    1        0.85279             
15936.332620032      6401.18990016        1        1.816211            
-10520.109528192     -3456.3704060160003  1        0.921732            
10539.951130368001   3457.3472778240002   1        1.787074            
-1941.42408768       8324.79050304        1        0.921756            
-12161.091621888001  6186.538816128       1        0.605983            
12791.666397312001   -4208.111081856      1        1.18125             
-6978.493779840001   9481.424426496       1        1.583774            
-4420.494600192      14588.375053824      1        1.566182            
13351.714890624002   11115.874192896      1        0.891608            
-2194.440323328      9313.706641536       1        2.08537             
5060.698080768       -4197.767827968      1        0.215007            
14005.668606336001   2022.74424           1        1.352515            
5340.7738264320005   -6780.159834624001   1        0.445876            
13570.299211392      14545.851357312      1        0.583202            
9015.577274880001    15874.063881984      1        1.573808            
3649.0668192         -12938.836078080001  1        1.201678            
6600.275409024       -13799.289550464002  1        1.613269            
10762.319018880002   -507.55008268800003  1        0.737892            
7871.159881728       5444.111414016001    1        0.560608            
-4430.316426624      -5987.08959552       1        0.637538            
8878.92787584        -3624.002895744      1        1.372818            
-10769.18287104      1955.8566846720003   1        1.202877            
-7218.5628430080005  12812.645805696      1        0.289191            
-11104.478428032     -14801.059519488     1        0.499562            
-906.046187904       14156.90027136       1        0.938883            
6718.676456448       198.324289152        1        18.912893           
10963.720373760001   11354.523814656      1        37.701818           
-13636.089194111999  5402.43101376        1        0.779009            
-5645.300335488      13880.495439360002   1        0.370747            
12205.046025216001   -10422.279115776     1        23.744932           
13573.857470976001   15077.192372352      1        0.750231            
7543.977027840001    9039.26681856        1        1.060514            
5282.718350976       2246.45110272        1        1.323953            
3380.204982528       10064.211341184      1        1.515393            
-934.172692992       13891.241029248002   1        0.579867            
-2137.857397632      12298.157841024002   1        1.92728             
-16047.2920608       -12885.779225088001  1        1.659765            
13125.761383680001   1883.99464704        1        1.590042            
14015.451808512      -9027.047069568      1        0.208207            
-485.08203110400007  3818.6691459840004   1        1.03328             
-15010.536562559999  -1631.976204672      1        1.820925            
-12567.22245504      15167.434727808      1        1.664731            
-8830.05209856       -8955.814285440001   1        1.972441            
-11175.97675392      15687.800016768      1        41.789699           
7222.68759168        318.78690624         1        48.142029           
10959.758168832      6825.520804608001    1        27.539397           
8575.086947328002    7583.8259946240005   1        55.694769           
5224.941292032       -12775.87390464      1        1.158668            
11619.901421568      7040.443867776001    1        1.098752            
699.737943168        2095.750521216       1        2.261627            
-1428.643636992      12576.843113472      1        0.324428            
4751.321008896       14130.94959936       1        2.19388             
-6844.906962432      1572.926154624       1        1.682385            
-4865.442810624      2312.4004104960004   1        1.34059             
-10685.136489984001  -12715.286931072     1        1.435314            
9715.68214848        -7649.40515328       1        1.621417            
-466.51663872000006  -2856.7030821119997  1        0.61691             
11603.568189312      -2400.268983552      1        2.153926            
13714.287219072      5733.2880000000005   1        0.59067             
-8756.669230848      8055.355739904001    1        2.002853            
