trucks_count 15
drones_count 15
customers 1000
depot 0 0
Coordinate X         Coordinate Y         Dronable Demand
6551.441474688001    8529.6439008         1        2.072448            
-13330.452237696     241.51747276800003   1        22.849875           
7206.6263385600005   825.187917312        1        1.941439            
-5151.5149720320005  -2725.797431808      1        49.506048           
15035.080667904002   -8302.557415680001   1        1.712698            
1727.69515776        15667.274443392002   1        0.922838            
853.641119232        13391.497874304      1        43.736047           
365.58662976         -3272.8874872320002  1        2.204061            
6914.385561600001    -3107.9957103360002  1        43.420727           
751.666646016        7516.85153472        1        1.967954            
2754.128323584       -11138.633535744     1        1.349498            
-1660.2910030080002  -3552.97288896       1        2.227227            
-431.552030976       14993.665809408001   1        1.919818            
736.400408832        5652.674349696       1        0.69945             
8754.071749632001    -3504.599227008      1        2.04217             
10586.53037376       -1025.93265984       1        33.840641           
-12666.415981824     -9340.400830464      1        1.799035            
13499.098614143999   6332.618971008       1        0.875162            
-14529.688715520002  5198.745999744       1        0.697893            
-15258.214604159999  -10068.334480512001  1        2.267399            
8987.17235328        -5662.047169152      1        1.313865            
-984.4051472640001   -6505.68460608       1        20.190515           
-10917.3068928       -11536.522918272     1        0.625831            
6239.804883840001    15112.829685888      1        1.99536             
-7416.391454208      5005.624719744001    1        56.011044           
3286.327118976       15137.750377728      1        0.826014            
4295.295683712       13957.294944384      1        2.149407            
5476.882485888       -10538.037620352     1        1.778933            
7518.430301184       15119.724115584      1        0.382597            
-5682.836674944      1572.419211264       1        0.614387            
-2612.354773248      5527.9598457600005   1        2.256447            
-4324.334686848      -15309.282307967998  1        5.592922            
10311.585216768      6816.812644224       1        0.30916             
-7179.095290752      -14930.107986816001  1        0.55311             
14482.697480064      -13014.993454848     1        1.369369            
-9005.037681024      -896.744179584       1        1.285493            
12036.945216384      -13844.206341504001  1        0.258228            
-4838.730918912001   -3942.7222095360003  1        0.799531            
15721.504508160002   3474.0007695359996   1        0.558235            
-10875.592696320002  10460.449536768001   1        1.130545            
9322.807481856       7965.741028608       1        2.12275             
6133.826362752001    -8311.074064128      1        2.209401            
11828.409639552001   8231.323022208       1        0.312944            
-2088.0530288639998  -12297.85850304      1        0.353724            
7243.86655872        -6018.162809472      1        2.05875             
-8102.522393856      -4888.80887616       1        1.965317            
15527.729834496      15336.43676928       1        1.455468            
2245.2955937280003   -12804.285263616     1        1.494239            
-5326.173857664      12457.503818496      1        2.209173            
969.8164439040002    -529.3132416000001   1        32.061404           
15907.597782912      -9174.157204608      1        2.255583            
-11947.462471296001  -10967.932027008     1        0.414312            
-2316.6667814400002  12230.678047104      1        1.944702            
9665.684658432       -15480.8029728       1        1.456008            
6268.761810432       1003.57082496        1        1.249353            
13971.894913152      4289.019242112       1        1.217387            
-15182.110335744     -1249.919548416      1        2.053413            
-3044.405700864      10020.731694336      1        0.204527            
-6882.671828736      -8744.462356608      1        1.959528            
11889.39894912       -10966.140827136     1        23.937498           
6912.811623168001    -11387.560428288001  1        1.839904            
15158.319403392      12248.610967296001   1        50.216295           
2799.283297536       -1731.68633088       1        0.349152            
15477.318743040001   -3817.1579719680003  1        1.642236            
11981.028559104      3383.560464768       1        0.771073            
-13901.278507776002  9676.0600992         1        20.236649           
-2333.127151872      10624.650905088001   1        1.590451            
-9625.298170752001   11262.002628096001   1        17.239579           
8280.486872064       8034.033541248001    1        0.268332            
9688.324909824       12513.227354496      1        0.506959            
11127.319847424      5810.501106432001    1        1.175543            
-8453.737581696      7081.606059264       1        0.99594             
848.906429184        5039.45152128        1        49.197836           
2376.4410362880003   6862.387656960001    1        0.262354            
-12528.079990272001  -1485.53716608       1        1.258604            
4603.274235648       -13350.203716608     1        1.373882            
-14470.498652544     -2794.616199936      1        2.158503            
-8346.222137088      4467.24926208        1        29.16638            
-7106.513876352001   4910.356382976       1        42.439915           
-12729.63745152      15858.112064256      1        1.464414            
-7842.499074432001   -14501.745675648002  1        1.200262            
-10255.280707584     10519.855251840001   1        54.559163           
-7407.010588032      -2402.805309696      1        12.940734           
-7596.869727744      -4539.811364352      1        0.829398            
-15504.321926016     -14528.66678208      1        1.626681            
12937.546993536      -15013.29658752      1        1.084885            
7822.427336064       -8518.421945088001   1        0.668515            
-15704.070484608003  9288.11163456        1        2.130624            
-12497.565218688002  4145.488288128       1        46.4164             
2316.5155031040003   -3057.409200384      1        1.251606            
-1439.408539008      -2603.84617152       1        1.877308            
-11863.573805952     -14709.537735552001  1        0.609626            
14083.210018944      12580.597713024      1        0.549738            
-7133.4365921280005  -10488.162440448     1        0.740583            
-836.74622592        -14418.021163392     1        0.728001            
-4502.431131264      -13453.161499008     1        59.910788           
-2101.19976          -4911.92710272       1        54.500263           
-155.449755648       9997.349535360001    1        32.074359           
-14932.322444160001  4020.3167304959998   1        1.039445            
7525.603147391999    5309.2339027200005   1        1.232403            
-5884.1157196799995  10092.209098752      1        15.146752           
-5187.810507264      -1074.361039488      1        2.106187            
-7415.004199680001   15439.326959232001   1        1.806779            
14721.680236032      -10063.471042944     1        1.91175             
-1900.459845504      5246.117040384001    1        0.672315            
7340.752286208       -15933.197617920001  1        1.807557            
-13981.22428032      15422.700826368      1        0.221848            
-15619.864778496     12533.001364224      1        0.201205            
-3904.072204032      -7669.510687872001   1        1.266573            
16059.696884351999   1139.243352192       1        2.222362            
-5843.103197184      -10454.063659776     1        0.818503            
-3244.2604761600005  -1769.946875136      1        0.548797            
15223.103546112001   -645.131291904       1        0.992503            
-3201.962087808      -3679.114881024      1        1.797077            
-3073.039149312      -15915.988902528     1        1.163716            
1401.9220892160001   8030.785885056       1        54.112136           
-14924.225834496001  3369.1471799040005   1        2.025394            
-2262.042427392      -10435.086275328     1        1.265164            
7915.774116096       -1809.588236544      1        0.943111            
4443.5822492160005   7201.608403968001    1        3.525255            
10729.59300864       10116.524677248      1        0.870603            
-15497.665679232001  -9705.039556608      1        1.855987            
-1852.0169817600001  14118.510979584      1        0.395229            
-5347.928969856001   -8112.336173567999   1        1.944625            
7417.519604352001    -6587.91403776       1        52.909333           
-3991.88927808       -13238.732504448     1        1.884622            
-14985.686681856001  10899.835854336001   1        1.969943            
5904.36931392        -15668.534559744003  1        0.32219             
4959.396313344       -8688.18037824       1        2.008869            
3381.3347420160003   -15015.811992192002  1        1.743903            
14222.001454848001   3624.0946283519997   1        1.862278            
14555.999880576      12366.878439168      1        53.877657           
11913.769245312      12558.739602816002   1        53.049586           
-8634.687393024      -2989.98412416       1        1.351097            
-3524.001478272      13906.436455296001   1        0.715712            
-833.239465344       -11843.423209728002  1        1.014814            
6624.259462656       2354.737423104       1        0.35153             
-14624.506435968     -5731.504846848      1        0.821275            
-737.1294416640001   -8510.338210176      1        1.348167            
-15142.699110528     13263.950924928002   1        1.608453            
-1633.5581898239998  2492.008028928       1        1.359072            
-1494.877798656      -4652.40428928       1        0.337146            
-15797.283689088     -743.6038325760001   1        0.618816            
2684.060704512       -11460.346229376     1        0.699605            
-15347.00211264      14016.517194240001   1        1.790859            
11762.695296         6045.04207296        1        1.665313            
5548.866833664       7999.4938003199995   1        0.475927            
-12882.425352192002  10478.525688575999   1        1.321062            
-16030.126797696     6466.122102528       1        24.638447           
-15757.077447935999  -14148.616977792002  1        1.825609            
-2000.2858444800002  9699.410071296       1        24.950073           
-7751.11569408       -5269.978783872      1        2.163729            
11758.488470784      10999.188706176      1        2.252935            
-7120.135363968001   8059.335647616       1        1.709192            
-6471.52627968       11140.466578560001   1        1.916665            
4551.374500992       5145.248186496001    1        0.790351            
-8282.23944768       -5830.05785472       1        1.353558            
5947.754009472       11477.384354304      1        1.423145            
-10834.366131072     2224.02489408        1        20.413214           
-15007.8570048       15070.693841280001   1        48.876875           
1789.4295936000003   5640.789344256001    1        2.063569            
2551.664801664       -858.585024          1        0.323649            
1784.4872981760002   2471.5001583360004   1        0.969886            
6028.275927168001    8668.07967168        1        0.355429            
2973.9196523520004   739.047779712        1        2.116575            
-2261.324659968      -7093.624640256      1        0.982536            
-2641.873360896      2065.4176055039998   1        0.747992            
13226.728407552      375.627326976        1        1.04703             
14079.307359744      -7601.2310499840005  1        0.693623            
14580.360520704      -5932.898155008001   1        0.795798            
15169.193740800001   12500.453991168      1        0.418412            
-15511.741001856     9982.529086464       1        1.567089            
-12432.719920896001  11899.967511168      1        38.160451           
13186.895534207999   3146.5153589760002   1        1.173051            
15970.804768512      11400.196997376      1        1.438533            
-7461.892437120001   3702.888110592       1        0.474418            
8151.663712896001    -14199.544668672     1        1.791554            
13540.656704256      9421.320256128       1        1.745674            
-7394.547828096      14939.538742656001   1        2.268237            
4432.80125376        -5789.212704         1        0.281254            
-5020.538510592      7592.065835904       1        1.418109            
5811.12392256        8738.614000512       1        2.051755            
14393.887440768      11280.506865408      1        50.319525           
7577.316198144       -6419.988647424      1        1.951521            
-10582.236643968     -5972.096946816      1        1.155394            
8524.2525984         -9975.399692544      1        59.593824           
8687.926101888       8188.413083136       1        30.231956           
6608.605373568001    -16041.527390592002  1        0.785343            
-5553.015722496      -12236.951270016001  1        0.964354            
2554.711289856       -13119.869575296001  1        51.728168           
6696.54475776        8037.548348544       1        55.829649           
-245.833733376       1408.261295232       1        1.224803            
-14214.212229888     1213.464688128       1        22.80629            
664.93266048         -15387.47711424      1        0.947912            
13656.33796032       7976.953328256       1        7.610535            
11738.838380544      -12102.176756736     1        0.228912            
-4261.032749952      -9035.898461568      1        26.165114           
15583.545103104001   10401.787338624      1        0.885575            
9456.107836031999    8216.8276608         1        1.236337            
7520.981111423999    12828.243567744      1        30.772969           
-13934.558132352     15996.686238720002   1        0.262817            
5622.231998592       -12052.182485376     1        0.77934             
-4850.186229504      12707.829230976      1        0.346052            
-14342.301528192     -9062.018114688      1        0.647363            
13633.419292416      12545.341814016001   1        0.657212            
-4332.452217984      -10803.640535424001  1        1.175436            
4743.67018752        8518.73254848        1        0.296996            
-14889.235477248001  7084.2630862080005   1        0.314259            
394.644945024        -500.64116889600007  1        33.494783           
11890.755626112      -3197.029448448      1        1.690112            
7775.663018112       12898.5300576        1        2.133885            
-229.51337587199998  7695.677011968       1        0.859789            
9206.054402688       -4177.839321216      1        54.41829            
-6633.9251827200005  -13875.059075328001  1        0.241354            
-10588.120405632     -2532.6648864000003  1        0.807466            
5544.043629696001    284.166698112        1        0.687753            
-8395.205740416      6354.330630912001    1        0.861384            
-6970.01253696       -5297.326366464      1        2.241919            
4301.169789312001    7464.238860672       1        0.476987            
11220.737438592      7709.501276928       1        2.231003            
-4407.257745792      15296.31582336       1        42.611402           
-3424.236634368      14974.072046207999   1        0.59308             
-4481.747842176001   13890.676149504001   1        1.256345            
-14013.41920704      -7459.2482849279995  1        0.450843            
-5381.8442853120005  -14269.427213184     1        37.245051           
-3070.980798336      -13989.79403712      1        0.836669            
5427.422516736001    -15859.518630912     1        1.712723            
5079.3278469120005   -7294.60917504       1        1.123246            
8038.623390336001    3361.3965792         1        1.52909             
-14730.525190656     -1041.844243968      1        3.363769            
-4626.101170944      3412.641310848       1        5.58235             
10070.262474624      -7119.823151232      1        2.231717            
9456.458673024       11914.527246336      1        1.848851            
13508.278312320002   11027.403725184      1        0.777382            
952.8668328960001    13321.079418240002   1        1.144137            
-2332.3401826560003  -8737.22513664       1        0.912282            
-9698.360779008      12634.425441792      1        0.742429            
15467.685209856001   -7499.800535040001   1        1.128224            
-1184.81514624       12995.417394432      1        1.815695            
-15852.629029248     -6042.558855168      1        2.257914            
-11267.575786368001  14049.003412224001   1        1.21356             
-4299.78092544       3840.7429082880003   1        1.530313            
4704.270227712       -11953.602118656     1        1.874695            
12643.46512704       15947.805633408      1        0.626457            
6715.217976192       1672.9420561919999   1        0.631953            
12851.773786368      11931.93391104       1        0.523877            
-2924.313232896      3742.5391280639997   1        1.117591            
-14242.536684288001  -1582.477611264      1        0.361824            
8238.44919744        -3526.1113282560004  1        0.220872            
-2829.390905088      4054.9160171519998   1        2.005569            
1125.4512741120002   -8787.655540224001   1        59.678671           
-14815.867093632001  443.79270144000003   1        0.609259            
-13029.786544896002  -13837.780230912     1        35.921168           
2355.707857536       14307.0279264        1        1.842999            
9913.171188096001    7407.03794688        1        0.952395            
-14093.936296704002  -6971.303230848001   1        12.972628           
-15897.497539968     3496.9886392320004   1        46.396163           
6960.370957056       11262.69625536       1        0.537652            
10718.070105600002   7453.467521280001    1        1.962243            
12493.623935232      12879.39495744       1        0.707134            
6249.031252992       2282.851245312       1        1.654481            
15243.252532991999   2466.347038848       1        1.355097            
13766.2078752        -8356.251568896      1        2.16616             
5745.591434880001    -7867.909006848001   1        36.582288           
5505.778257408       -1242.3701157120001  1        0.702748            
-8683.860898944      7518.60571968        1        1.030534            
13880.875244544      -10035.183603456     1        0.669989            
5892.083581824       -5410.883288448      1        2.026971            
-14052.844916352     3160.556885376       1        2.057961            
4233.834836352       5877.079667712001    1        1.803819            
984.6224087040001    -9714.138787584001   1        50.047737           
-4013.562313728      673.635992832        1        1.72609             
-15294.067569792     -11287.501074432     1        1.981622            
-14776.103422080001  -15844.167098496002  1        1.385301            
-11084.686715520002  -6716.724322176001   1        0.72607             
7645.8324096         -3886.451496576      1        0.75304             
-15907.158432        -15218.780848128     1        1.935691            
-15007.892410368     13212.229827456002   1        0.499409            
12415.216695552      2292.7551482880003   1        1.618114            
-12548.846965248     -9103.78541952       1        0.744088            
-8094.964914432      -14404.044010752     1        0.46313             
6891.067776384       -14641.86803904      1        0.896172            
8358.858706175999    1261.4279673600001   1        2.120917            
-15009.865466112002  -15466.63269888      1        1.686345            
3217.6097395200004   10324.03027392       1        1.192172            
-11841.430841856     8374.107240576       1        12.848696           
6442.685225856       15485.220622080002   1        0.670656            
-12606.50654208      -10690.8319584       1        0.702491            
11286.879867648      -3080.923325568      1        0.974152            
-13786.958756736001  -14741.113064832001  1        0.460289            
-9857.388106368      3218.158525824       1        1.551956            
-6071.390252928      -3127.525099776      1        0.666938            
-8792.517368448      -7176.266064         1        2.142474            
-3124.7135758080003  11156.47955136       1        10.064479           
5572.443723264       6744.887842176001    1        0.720209            
12145.143022848      -6240.847738752001   1        1.771582            
-9147.757525632001   -12821.484322944001  1        1.176743            
-13081.393378944002  7335.634572288       1        1.173458            
2240.6816044800003   -1832.3507980800002  1        1.307466            
-5335.598176128      13499.422092288      1        1.336788            
15946.473096575999   -11658.182887296     1        44.852433           
-191.915881344       -5881.761249408      1        0.245222            
-2771.066669184      22.08019968          1        1.650185            
14601.124276992      -10228.184182656001  1        1.978185            
720.401920128        6272.532503424       1        58.126325           
-7050.779074944      15659.630059391999   1        1.314596            
-9030.502331136      3174.360228864       1        0.329933            
2492.3508192         6279.995031552       1        1.807684            
13576.528982016      -12677.444816256     1        1.062132            
-1807.1742205440003  -12723.914624256     1        1.274951            
-5890.173290496      8164.506278016001    1        0.445886            
-5920.662312576001   -2972.535616512      1        2.059575            
4628.466906624       10271.910059136      1        37.438269           
-15331.637705472001  5421.632097024       1        0.508291            
-15040.05193152      11799.051986304      1        1.546235            
-3510.141807744      -2702.1304189439998  1        1.70775             
2681.2427431680003   14870.04887808       1        0.370487            
-11784.788370432     360.504321408        1        42.044853           
-1144.578327552      -9556.638727680001   1        32.683759           
-984.37135104        4342.224154752       1        1.057809            
-11597.747192064     42.729692544         1        0.899178            
-99.539535744        -10966.707316224001  1        1.968039            
-11552.337941759999  -8185.86388224       1        2.04722             
12773.765664         -8720.899951104      1        41.908314           
-5908.214036736      11178.991055232002   1        1.205484            
13140.779781888      -13561.109857152     1        1.676656            
-9092.627837568001   -1168.145561088      1        0.377865            
6515.54183808        -905.865941376       1        2.147564            
3093.2975715840003   -15761.450035584001  1        2.253886            
11396.386070784001   -9108.901524096      1        0.834095            
1180.94467392        -5869.361253888      1        0.968666            
12793.402879488      -1167.722303616      1        0.70322             
9514.390228992       -15330.129750144     1        0.483736            
-7041.7249056        -8722.844038656001   1        0.50104             
-11033.075053440001  -14778.09900864      1        0.817498            
9937.74748032        -6201.125910144      1        1.497403            
10261.204702848001   79.599763584         1        1.649488            
11759.322110976002   4099.823152128       1        1.489499            
-1838.834845056      5270.97979584        1        1.569776            
9093.524242176       7446.642293376       1        1.145557            
-2814.993713664      -13671.481887360002  1        0.302979            
-5109.733183104      -9851.50273536       1        1.462531            
6042.90969216        7181.687943936001    1        55.094321           
-932.8707336960001   -9957.688861824      1        1.06232             
-13882.145016960001  4501.877516928001    1        1.885584            
14788.995876864      10121.166025344      1        42.04681            
4.210043904          -3039.63238656       1        0.584823            
-11181.469444992     -11938.265070336     1        0.683568            
13846.493219328      -13827.945529728002  1        44.488405           
-8025.381707904001   8357.384547071999    1        0.716566            
-7216.152045696      -5145.13714176       1        1.117752            
-7012.285175808      965.0688791040001    1        0.338475            
-13376.780423424001  1602.7585643520001   1        0.900328            
692.25127488         -7604.14235328       1        0.815483            
8763.01487424        -9927.199839744      1        1.034702            
-8096.608054656001   7065.338810112       1        37.632419           
9107.361381888       -8999.245651968002   1        1.215209            
-12693.79736064      15725.729036160003   1        27.941239           
-8591.463631872      5280.92554176        1        0.359415            
-2464.568713728      -2907.98000064       1        45.973209           
-3814.7648774400004  -15937.40605248      1        1.292994            
-4979.957292288001   -11942.135542656     1        1.129613            
-7612.106996736      14231.765344896      1        0.602802            
1363.394393856       -9935.114593536      1        0.50406             
2055.199880448       6106.667073408       1        0.263173            
4441.119952896       12066.132279168      1        2.046199            
-4544.990233344      8798.795419392       1        1.634889            
-8585.604010368      15287.303496960001   1        18.944556           
-5677.268344704      -14160.79488384      1        0.723286            
-15919.45382016      14000.885635968001   1        1.257535            
-11763.15395904      1498.864143744       1        0.644182            
3024.461100672       9848.314624896       1        1.47129             
13219.024477824      12305.660602752001   1        1.387783            
15411.921440256      6038.929784448       1        1.735405            
-9278.928717696      -13444.549899264     1        1.72284             
-11807.89372224      13114.183762944      1        0.443047            
12382.527700224      -8212.611179520001   1        0.30452             
13318.522170624      12525.667583616001   1        1.857052            
-11384.312772096     4812.017417856       1        32.467766           
-5802.528416256      -15871.356965376002  1        22.061775           
13769.024227200001   -12054.578798592001  1        0.619292            
-8440.056548352      13868.922646656      1        1.919501            
11348.730176256      4591.556601984       1        0.883413            
4447.57503168        -5792.273676288      1        41.436754           
-13908.761957376002  -12261.826900224     1        1.428527            
-4981.524793344      -11558.120314752001  1        0.436088            
-14024.691052416001  -9756.073464192      1        1.024613            
-3187.988153856      2846.7412427520003   1        41.853009           
-2551.23671616       -8996.387457024      1        0.740723            
-14286.410620416002  -7568.0930476799995  1        1.126876            
-7644.969801216001   -11012.211517824     1        1.396244            
1840.4731572480002   14861.973189888      1        4.93231             
-4688.229896064      2989.0877195519997   1        2.245688            
1930.451580288       -2069.832036096      1        2.026741            
3775.7672536320006   2614.45174848        1        1.491292            
-10369.748518272001  11143.213728768      1        29.132375           
-5330.321137152      -1608.590827008      1        1.507772            
11701.358368128      4308.611395968       1        14.29305            
15075.097006464      6625.939617792001    1        1.355654            
-6929.1464647679995  -15262.722376704     1        1.291027            
-360.99999936        2589.976844928       1        2.114217            
-2724.371553024      -8116.922803968      1        15.538399           
15764.168217600001   -7624.157764608      1        47.526874           
4298.46126336        -9975.47050368       1        2.263658            
-11856.08552832      -2209.004886528      1        0.36162             
10038.859345152001   -3758.63095872       1        1.487641            
-11124.04322304      -12844.60094016      1        1.069521            
-116.85285849600001  -4788.912066048      1        1.165517            
-7697.543851008001   -10923.469070976     1        2.187822            
7029.0223534080005   9000.813153024       1        1.24144             
-14532.909012864002  -4161.83600448       1        2.139247            
-11143.039919616     15930.555075072      1        0.683778            
11820.052316160001   -14012.0754048       1        1.010055            
7864.5084629759995   9031.250676096       1        15.472339           
7907.904423936001    -9052.0369632        1        0.424645            
-15030.922123008     2108.591476992       1        55.764431           
9415.582944767999    -1353.4679600640002  1        1.628708            
5506.135531776       -6281.403207552      1        0.278073            
6701.878123776       13643.614486655999   1        1.766677            
-14581.326127104001  7853.233398912001    1        1.459887            
-7100.927843328001   10422.552704256      1        0.505274            
14663.39301504       3666.6746519040003   1        1.134515            
-2015.278493184      2441.107696896       1        51.063263           
-4374.621858816      -12501.308552832     1        59.802169           
4810.53843072        5976.517814784001    1        0.615554            
-1510.448201856      10684.0727136        1        1.443267            
-1680.402974976      13070.546400383999   1        2.21361             
13761.61319808       14281.627650048002   1        0.578283            
15211.147729536002   -5861.3998291200005  1        1.394473            
-8720.354383488      -3547.4222615040003  1        0.401003            
-5848.325518464      -9066.677165568      1        2.084172            
-11248.656338304     7084.414364544001    1        12.295334           
15503.093996544001   8816.474063232       1        0.865993            
5210.444321280001    -10776.91576896      1        0.804403            
2735.3923407360003   15740.63960832       1        2.233217            
-14778.465939071999  -7357.211047295999   1        0.516433            
-9786.52547136       -7085.762994816      1        0.687819            
-5300.3744639999995  -12572.00220672      1        0.604152            
15940.887063552      2509.577237376       1        0.335401            
9944.170372224       -12581.519867136001  1        1.73642             
8265.972198528001    6416.39015424        1        10.494563           
-10014.695044992     -5911.938058752      1        1.991032            
21.193451136         14068.985027328      1        4.727479            
4390.514130816       15335.508177792      1        1.860176            
7231.395752064001    15398.66205504       1        0.362843            
-2807.4024380160004  3393.404822016       1        1.352703            
-6563.188076544      -8587.683282816      1        0.848116            
14194.335222144      -10743.072873984001  1        14.285804           
-11484.299705472     2919.391858944       1        54.28501            
-15239.768303232     -42.594507648000004  1        2.129886            
-2885.035583232      -3285.97467264       1        1.795879            
-1632.5716619519999  -11648.430262656     1        57.507551           
-16014.339133056     -188.69397465600002  1        1.474629            
9903.985052544       4505.822019072       1        0.434179            
-4024.801972224      -7334.485500672001   1        2.161481            
-11557.925584128001  13342.990636800001   1        1.487622            
-3032.9310781440004  -4597.684983936      1        1.775161            
-15463.476775296     3466.077969024       1        54.66004            
15869.828088576      15499.378021248001   1        1.865169            
10714.15939968       -3077.89454016       1        49.885366           
-4408.896057984      13348.425391488      1        0.845005            
-11073.625694208     12962.829787776      1        0.511051            
-210.949592832       -2404.339014528      1        20.503438           
-13799.473015680001  623.529067392        1        0.631649            
-13180.586905728002  -8819.805405312001   1        1.172998            
8219.605388544001    -13929.979548672     1        1.815944            
-15507.883404287999  1943.9121335040002   1        0.242526            
14870.916314496      -4762.884145536      1        1.529161            
7108.853862528001    12299.95065024       1        1.268926            
-9178.879019904      14786.461160064002   1        0.426718            
1335.887486208       3460.4758425600003   1        0.810294            
12389.505815808001   14656.479273215999   1        1.885746            
-15729.129580032     -15049.40222016      1        1.991998            
14075.781287040001   7413.2210465279995   1        58.178237           
2828.521859328       -11400.646004352     1        0.701991            
8660.288837376       -3801.3075429120004  1        2.129317            
-9856.269612288      6221.271678336       1        0.397296            
-5882.382456192      -3754.4064307199997  1        13.831387           
80.280516096         5758.952208768001    1        0.381191            
-8312.746172544      -6313.860457344001   1        38.64189            
-9578.932970112      -7983.876726144      1        2.117297            
-11980.402524288     13041.360946944002   1        1.21082             
3998.545524864       10341.527061888      1        1.847329            
6947.262850176001    15546.695953536      1        0.522643            
-8642.027611008001   -12836.861604864     1        1.419597            
-7256.897417088      -1639.250439552      1        18.790701           
5332.542031872       -679.59378432        1        2.236741            
7981.992184320001    2029.836619008       1        0.683877            
7677.650749824001    14740.404953472      1        1.453114            
-3190.51643328       -13963.647025152     1        0.983247            
-2029.762589184      6431.479363584       1        1.576897            
2270.303190144       10516.657485312      1        0.638159            
-4501.240216704      12476.138412672      1        9.678523            
363.05995968         -7139.772579455999   1        7.849601            
10356.181748352      5979.955373568       1        41.530865           
-15475.58869824      -14951.338452864     1        3.422745            
-15326.116046207999  -15528.951326592001  1        0.225215            
-5949.546818688001   13886.601290496      1        52.258833           
-12066.52334976      -1851.052984704      1        1.117255            
14676.821381376001   -11580.337308672     1        1.147948            
6036.881089536       11220.846873984001   1        33.995709           
-7329.947150591999   630.655242624        1        1.917001            
14298.590135808      -7551.410587776      1        1.917486            
6786.9496569600005   -8191.372666752      1        40.069181           
616.6201536          -2581.2332789760003  1        1.448989            
5290.736102784       5177.504268288       1        2.110193            
13048.710820992      -12681.873730944     1        0.722636            
-2642.0697008640004  11565.021181824      1        0.975795            
12827.74306176       10913.706790272      1        1.748646            
-14109.793163136     -7485.802460928001   1        5.170416            
14684.452890624001   3046.024700928       1        0.640448            
7704.7134785279995   9406.194031872       1        0.424647            
13757.559260544      -5291.101423872      1        0.846455            
-8730.1279296        1328.944776192       1        0.782968            
3680.0048482560005   11886.835264128      1        3.230511            
-5855.691485952      15098.981280768003   1        0.562277            
-11873.994308352001  3812.3782202879997   1        1.180585            
-954.59044032        8147.781975168       1        0.986924            
-6444.608391936001   4395.828184704       1        1.881135            
-11769.43040064      -12968.264542464001  1        1.950124            
808.7259375360001    11146.22803008       1        24.319994           
811.320200064        4245.57821952        1        0.984451            
15076.915565184001   -5759.875972224      1        1.584211            
15796.047712896      3639.5652522240002   1        1.852805            
11206.92443904       -14832.30976128      1        0.885272            
-3830.0584734719996  -2385.714076416      1        39.19577            
6219.53519616        -7931.587530240001   1        0.389589            
8790.552359424       7847.9112983039995   1        1.31558             
-1171.98062784       3832.168323456       1        0.318702            
-11242.824075647999  8782.899928704       1        1.173541            
-12466.928136960001  14903.463687552001   1        1.25256             
-821.496082176       -139.757042304       1        2.158392            
-9950.205412224      -7082.362450944      1        0.429473            
-15639.719255424001  -452.71329523200006  1        2.219924            
13804.022631168002   -16046.390828160002  1        2.148509            
4634.220311424       14380.3335456        1        0.65379             
-16024.017727872     -10384.382283264002  1        0.883089            
-13054.116607488     -4576.493142144      1        56.422863           
-12251.54158272      14842.614390912      1        2.248848            
-15890.371364736     1037.397626496       1        1.474979            
-14252.073656832     2205.028197504       1        16.593623           
-12221.443631232     5821.586267904       1        2.246346            
3771.209591424       -2139.473179008      1        0.544184            
100.958977152        9484.390447488       1        0.916195            
12609.316456704      -1429.0749411840002  1        1.436916            
10065.667797504      2326.8474915839997   1        1.688913            
-13344.025444992001  -15344.573612544     1        1.729803            
-11832.64543296      -11460.338182656     1        1.867874            
-4212.066849408      14574.615162624      1        17.060731           
7631.890662528001    -1303.372300032      1        1.29336             
5191.30922112        -15252.092659584001  1        0.481221            
-4253.867950464      -2271.103034112      1        1.750542            
-9143.578059264      -3655.3834944        1        1.864867            
-13952.079060480002  1295.877585024       1        1.61273             
305.635347072        -779.118835968       1        1.110492            
4819.6215682560005   7010.556740352       1        0.625826            
10342.759819392      6324.997117824       1        2.139018            
2854.343783808       3721.1155407359997   1        1.130393            
-8976.901519872      8025.34791168        1        29.756738           
-11402.694699264     -8974.688671872      1        2.111279            
-16012.486778112     13910.207148288      1        15.591056           
10050.774928128001   3741.2178566400003   1        1.121771            
-4445.553695616      11164.10784192       1        0.937646            
6656.22264384        -8697.89276928       1        1.72489             
-365.95034150400005  6104.349618048001    1        56.936957           
7109.547489792       -1751.741975808      1        2.133309            
-14228.401815936002  13726.331549568      1        0.92848             
3167.403034752       -14324.558510591998  1        2.214937            
-12483.092388096     -7822.726674048      1        59.018738           
-7822.221340032      -978.2864213759999   1        0.477835            
-13626.827419392     -1432.4513448960001  1        0.753976            
12561.934150656      -14553.331588224     1        0.337272            
3460.0735065599997   -5524.609191552      1        0.230743            
-8662.783320576      -3703.895559936      1        1.250119            
-5071.013975808      10324.352142720001   1        50.148402           
5070.94638336        -12369.39384384      1        1.813329            
-9839.157457536      -9950.338987776      1        0.668667            
5718.322710144001    -3184.140212352      1        0.340823            
7143.226231680001    -2789.381003904      1        2.04963             
-3889.9469917440006  -802.486510848       1        51.854304           
-4119.206091264      -8318.977552512      1        2.175561            
-12038.889303936001  -6798.728445696001   1        1.726512            
12969.255898368      13157.827562880002   1        0.349811            
5004.92304576        -8746.861888512001   1        0.520559            
9253.879278336       -4124.12907456       1        1.021899            
8487.393792768       12502.573497216      1        2.146344            
3970.531673856       13487.886314496      1        1.111985            
-13643.727140736     -1042.8790521600001  1        0.359455            
1245.500289792       15436.248284160001   1        1.360036            
-1613.454264576      6258.725941248       1        0.404723            
15936.97957632       13594.379825664      1        0.314085            
-1168.787689344      -14247.618992639998  1        0.770496            
-1008.748084608      -13041.565333632     1        1.874102            
9973.079018496       14975.383661568001   1        0.382169            
15298.947100800002   -11845.211190912001  1        46.177242           
-907.415739648       -9877.40512704       1        1.516882            
-9240.082372224      -15582.957692544     1        2.14169             
-3299.675018112      4657.153463424       1        2.189495            
-15598.497518208     7531.511049216001    1        0.966148            
10995.02211456       -4052.8029484800004  1        55.072806           
-14256.760066559998  -3127.9274357760005  1        1.614271            
-9165.68883648       -14554.731717504     1        1.430935            
7596.790869888       -13574.974355712     1        0.620669            
-6050.597528448      13293.496871424002   1        1.210489            
7945.670899584       11966.58308736       1        21.35319            
11656.353063168      7269.682045824001    1        37.653676           
-3248.7296244480003  -3669.3445536000004  1        0.979783            
1882.0505594879999   13510.336663295999   1        1.412003            
-9695.808359424      10398.885691392      1        1.319618            
9289.52785728        12891.193058304      1        0.940766            
-11461.796248319999  -1477.500102144      1        0.391483            
14574.652177536002   -1550.939296896      1        0.782518            
-478.08782208        14841.600504192002   1        51.859676           
368.665304832        13900.45935168       1        58.313399           
7911.0973624319995   -396.30417868800004  1        0.429872            
-359.07522393600004  -12899.093327999999  1        0.330971            
-10593.585737856001  9227.593862784       1        1.001974            
-1495.574644608      -7538.648489856      1        0.915917            
15961.905096192      -6541.753223808      1        0.55616             
-12131.816045184001  -14983.821452160002  1        1.562031            
-12822.0057504       15604.487496576001   1        1.735107            
5167.97373312        9778.2534432         1        2.002134            
-15542.484300288     12572.866424448      1        1.640643            
-14281.28646912      10297.183197312      1        30.854397           
-4884.639065856      1590.794701056       1        1.857422            
13570.60015872       -3578.2492458240004  1        0.956916            
8243.769688704       9221.626415232       1        0.393083            
-6006.1522752        9296.262961920002    1        2.265061            
-10148.980317696     594.1038216960001    1        1.384316            
-1216.015498368      -12646.223542656002  1        48.369154           
9318.570079104       -7763.2919907840005  1        1.597286            
2084.81663808        -11879.765415936     1        57.577684           
-12343.184067455999  -5558.1109056000005  1        54.858605           
15802.073096832      -2441.374848         1        2.545124            
-11696.73633216      -4164.496250112      1        3.678802            
9355.417619328       15944.809034880001   1        1.446853            
-6492.393033984      8825.982067584       1        0.716521            
284.522363136        -731.82504384        1        1.230923            
11412.156032640001   -9220.6559808        1        0.559625            
13946.333702400001   -578.329031808       1        0.690997            
-14047.229915136     -11204.188554240001  1        1.181371            
-13542.937144704001  12342.030167808      1        1.053596            
5697.441471744       -9247.485354624      1        1.469389            
-6994.542158208      8527.834998144       1        1.591722            
5896.866552192       1662.988263552       1        1.477914            
-9787.003446528      -12853.293007104     1        0.450138            
7058.442771072001    -8818.514711424      1        57.69481            
1002.724310016       -1250.912513664      1        17.526535           
-3936.9704140800004  6059.584105344001    1        1.402711            
-14027.65385472      -13991.968260864     1        58.974349           
11541.053221632      7485.245627904001    1        31.696797           
-2206.86124032       -3252.011076864      1        58.86097            
-5039.39519424       10954.999338624      1        1.869332            
-13615.990096896001  -2589.7273966079997  1        0.345162            
3902.7686353920003   -12008.331080064     1        1.600252            
-716.1950949120001   -11819.400531840001  1        1.699421            
-10111.093141248     -15956.33193792      1        0.733311            
-13441.624111872     2712.937163904       1        1.518316            
12479.847950592      405.689872896        1        48.841064           
-10520.923856256     -4525.945256448      1        1.182258            
10971.770312448001   -9847.958959872001   1        59.864758           
12709.012098816002   11483.424222336      1        1.868124            
-12905.72382528      -12203.385182208     1        0.279238            
2749.631816448       14793.960703104001   1        0.464784            
-6758.411159808      -11850.539728896001  1        0.550596            
10081.119109248      9981.703492992001    1        3.686433            
-7182.408930048      9292.041652607999    1        0.706252            
9533.143914623999    -4202.525048832      1        23.615656           
1478.7055008         -11508.262837631999  1        1.888418            
-15746.141955456     10745.044320384      1        1.010721            
-2134.305575424      11689.07585472       1        1.602525            
-7322.270579712      6681.16747584        1        22.356724           
12646.938091392001   -9858.015750528      1        1.59086             
11065.801063679999   7498.624104576001    1        1.958484            
13100.943689856      -8715.199654656      1        19.627998           
-6571.971876096      -8602.130363904      1        53.689886           
-13361.758806528     14066.852646528      1        7.114882            
-13965.837342335999  2996.0207735040003   1        0.923245            
5217.414390144       -358.830603648       1        0.902684            
-126.150038784       3750.5246929920004   1        1.010445            
-8932.964819328      -9642.305718144      1        15.364442           
-2298.2751982080003  6980.714674560001    1        0.693283            
-914.0864705280001   4446.887841792       1        1.607241            
12293.316934272001   4113.846975744001    1        0.663162            
-10913.391358847999  -199.951335936       1        1.44315             
-10955.9311488       -2246.706988416      1        0.783962            
6974.579855231999    3302.9435957759997   1        1.010371            
-7202.306859264      2142.633930624       1        1.091813            
4018.6526688000004   14693.486138495999   1        0.485112            
-13497.2060256       -10536.679334016     1        0.416003            
9910.802233728       -10029.256389504     1        2.1273              
-15206.343837696     15066.715542912001   1        1.163557            
-265.129767936       -9378.510096384001   1        0.957782            
-12190.376854656     -1318.55967936       1        1.739194            
-11805.339693312     1306.871013888       1        1.004256            
6396.80443776        -1736.235946368      1        5.549705            
11857.165398144001   3057.0342232320004   1        1.586123            
-6432.222880512      -4060.1753533440005  1        0.272043            
13739.565185279998   12678.01774272       1        0.249283            
4056.8343552         14304.67828416       1        0.308032            
12102.657950592      -8626.14821376       1        1.011059            
6314.27727744        -2870.013966336      1        1.389427            
-1392.658705152      7290.66628224        1        1.980125            
9870.11479872        6300.515776896001    1        12.802746           
-9816.884136576002   8025.365614464       1        0.641422            
-16036.820059392     11420.448982272      1        0.207403            
-4558.713109632      -2562.78375936       1        1.556196            
-4636.43155008       8891.860564224       1        59.876336           
15580.516317696      -1941.993795456      1        1.682553            
10895.691793536      -15171.028392960001  1        0.900313            
-7245.815474304      -6081.331170816      1        0.576241            
1301.7581280000002   -10009.070387712001  1        0.416427            
-10929.557219328     6183.358752384       1        0.805132            
643.494589056        6848.0966822400005   1        37.792446           
-655.366719744       12285.398961792      1        0.475618            
283.519741824        -4821.520594176      1        0.420113            
-11961.726087168001  5150.905030656       1        1.107061            
5314.293680256       6965.586840960001    1        0.990351            
2755.230724224       2807.848226304       1        2.007657            
12544.091353728001   12494.06972352       1        2.083521            
-1003.937755392      14258.731512960001   1        0.985709            
-3049.6151473920004  792.439376256        1        1.557854            
-1847.9260293119999  8771.953170816       1        26.989018           
-7220.843283456001   2218.1684912640003   1        0.79534             
2795.762052864       895.2056467200001    1        0.93474             
-8490.610871424      9748.084680576       1        1.187528            
3844.458883584       -1403.006787072      1        2.183043            
2641.2280139520003   -14769.686967552     1        0.273891            
15151.397614848001   -12577.88435904      1        50.493843           
8434.53971712        9932.510674944       1        1.175124            
3558.8228544         -13510.697156352     1        0.554492            
-5038.230029184      16007.655527424      1        2.212637            
-7591.375427328001   -8252.326570752      1        1.181062            
6246.642986496       -1067.392579968      1        1.557251            
-727.235194752       9356.239994112       1        1.082196            
1612.95697728        -40.064618880000005  1        2.068935            
-4709.309083776      1675.991763072       1        0.315265            
-12174.672875904     -2344.59694656       1        0.536422            
-610.1827776         14504.710087296002   1        52.042175           
-2206.819397376      6358.617923328       1        1.688726            
-10181.00787264      15917.780102400002   1        1.208855            
84.070521216         11908.144588031999   1        2.159133            
3526.0855787520004   -10650.117164544     1        0.990185            
3237.024865536       -12673.16557056      1        0.256863            
4521.030319872       -9376.976391552002   1        1.284028            
-10886.542672896001  -10491.950836224001  1        1.510018            
7729.239881088       -7162.91655552       1        1.020288            
1669.076411904       502.21027929599995   1        1.497404            
14045.458027391998   -2625.6254238720003  1        0.387925            
10454.34690432       10961.398090368      1        0.743937            
1312.996177152       -4653.995930496      1        6.207227            
5522.019757056       -9332.040288384      1        35.109683           
-8025.516892799999   12192.629936256      1        12.068428           
7722.009098496       2699.571561984       1        4.690473            
13964.911969536      -8417.509638912      1        1.387187            
2753.816110848       4321.11278016        1        1.175641            
6872.837127552       -6504.266774016      1        1.68101             
-9238.833521280001   -7624.0869534720005  1        39.511836           
-6660.136568448      13672.846611072      1        1.85726             
7985.030625792001    7903.467462528001    1        10.859228           
7797.122011008       5116.9172947199995   1        1.053244            
-9171.255557376      4472.637345792       1        0.817004            
-10001.210351616     10167.294652416      1        0.684692            
16034.684459904      1038.963518208       1        1.570678            
-6311.534955264      -2630.4244876800003  1        1.738759            
-13376.66616         15698.408812415999   1        1.837393            
-12861.93357504      -834.7796075519999   1        1.087752            
1765.765799424       -5127.109270272      1        0.457286            
13339.002682368002   -9466.278890112      1        1.390129            
-10644.508600704     15543.652684032002   1        0.747906            
-10309.888968192     -15775.543060991999  1        1.853813            
-10177.198555392     -12933.636287616     1        0.332131            
-5802.668429184      -8914.030887168      1        1.3217              
-2765.03806656       13820.66807616       1        1.648196            
-13332.022957439998  8106.938433792       1        0.798492            
-93.794177664        12132.446908032      1        0.799107            
2221.8088273920002   10170.666228096      1        1.020148            
-11147.138918784     13989.296749824001   1        1.644616            
-8334.668656512      13696.437984768      1        1.763178            
10824.07759488       -12519.0467424       1        2.073325            
6448.066872192001    14756.432410368      1        2.250177            
11811.030333696      5481.847312128       1        0.615684            
-7098.795462528001   -7901.013212928001   1        39.842713           
-5429.957233536001   10558.685503872      1        29.298421           
-15675.277711104001  12672.325492992      1        0.619547            
-10619.428583808001  8006.584569984       1        46.428135           
10963.585188864      10106.409950208      1        0.766684            
8821.205534592       -5606.10154368       1        0.359937            
-4662.539937792      -9643.741252992      1        0.725315            
1526.892478848       11035.361931264      1        38.054889           
3251.7600192         100.33777036800001   1        0.627951            
-1587.7610876160002  -13063.53609792      1        39.437556           
-2296.989332352      15562.061970048      1        1.964032            
-12594.491179776     4478.521107456       1        1.541951            
5874.504717312       -8377.747576704      1        1.836069            
10000.067717376      7354.032592896       1        1.106765            
1673.9897391359998   -14689.766944512001  1        1.002454            
-4116.304444032      -6415.430985216      1        42.549505           
493.999406208        3405.640664448       1        1.96809             
-12153.405394944     15811.227045504      1        2.11411             
-4804.376252544001   -12126.31852608      1        1.312287            
-12339.876865536     -3976.3172655360004  1        1.583635            
3167.26141248        -6562.5491669759995  1        6.071294            
9987.078701952       15590.051680896      1        1.34055             
15847.166915712001   14029.911764352002   1        34.299436           
-1430.598989952      9787.888585728       1        1.210615            
15529.875090048      -6118.15457088       1        0.436811            
-303.77655475200004  -116.5969728         1        2.133682            
-6018.259370112      -7206.381718272      1        1.352466            
9471.4722432         -1438.188656256      1        1.657457            
7448.192091647999    -8142.961989888001   1        0.489183            
-9349.236129024      11970.353780352      1        0.555132            
-14042.522583936001  14324.041911168      1        1.421919            
-13296.372769152002  -9007.907141376001   1        0.84819             
-15344.985604608     8051.436987264001    1        0.76008             
-14036.584104575999  7707.196696320001    1        2.017725            
3389.550443136       7701.673427712       1        1.466449            
-13607.021222784002  -8266.829978880001   1        1.927031            
10342.592447616      8010.5355095039995   1        0.292492            
12872.888379648      -14445.368745984002  1        1.343788            
-19.065898368        10859.10496704       1        0.52071             
5900.564824704       -13587.052482432     1        0.314221            
1599.19708608        -12491.686285056001  1        55.591              
-5658.772154112001   5868.559800576       1        0.213366            
-6444.767716992      -9429.761265408      1        1.13563             
-8702.176843008001   11805.347740032      1        2.185452            
-14426.298019584001  5389.763867136       1        0.249724            
-9283.048638336      501.95117491200006   1        5.737912            
7195.243448448       11111.527354752001   1        0.326732            
-14125.00307328      1044.31136832        1        1.652152            
-8087.566760064001   12033.710434944001   1        0.509336            
3362.6068058880005   491.805870336        1        1.273504            
7810.1866656         -4741.619883264      1        1.75558             
1924.788298752       -2350.5273792000003  1        1.100487            
15876.933342335999   -10566.569680128001  1        1.059266            
9435.88160064        12219.697492992      1        1.598288            
-5622.819409152      -8706.620241792      1        1.15622             
-13219.496015616001  7916.33899584        1        0.276904            
10639.75942656       8993.22348672        1        1.33305             
4942.5126854400005   -13630.633517952001  1        0.343641            
7300.653871104       391.170371328        1        39.10362            
1219.243842432       3105.8311426560003   1        0.701818            
7731.356168448       -12873.036439296     1        54.027047           
-981.7947912960001   10026.324164736001   1        0.734388            
5222.62705536        6005.210808960001    1        2.243422            
311.288972544        2755.797213312       1        2.208475            
-3899.9329712640006  3241.722540672       1        0.408281            
15204.089146752001   11708.352577152      1        1.426609            
4129.344958464       -12745.882169856     1        40.896926           
11348.554757760001   5269.138706304       1        1.189797            
-3763.621534464      612.348954624        1        1.936735            
-492.92597376000003  -11346.409502208     1        2.050552            
10028.527356672      7661.7633058559995   1        34.098831           
6911.533804032001    6201.446169600001    1        38.141319           
-15044.484064896002  -5065.223556096001   1        0.592474            
11522.272177152001   -6099.423416064      1        0.734098            
10613.419293312      9753.062381568001    1        1.060128            
5624.237241216       13165.430103936      1        1.944088            
-9669.373274880001   15694.342000128001   1        0.472045            
-14089.053547008     2130.438321792       1        15.026274           
-15479.795523456     -8916.026473728      1        58.335739           
-12795.126486912     -6089.786664192      1        13.503678           
-12061.650256128     8921.853908352       1        1.541506            
-1063.8311016960001  13866.191589888      1        16.248945           
2572.492931712       8615.492747136       1        0.295752            
-11147.814843264     -12112.449199488     1        1.282223            
-9323.04244608       -6983.872207488001   1        1.887082            
-7265.227381631999   -5203.334239488      1        0.490095            
13493.240601984      -14057.542591488     1        21.658777           
15836.855848704003   -13214.981805696     1        1.622654            
5604.873614208001    8348.607184896       1        1.860618            
-6390.465231744      -6448.507832447999   1        2.261691            
-12308.932399104     -9409.926100608001   1        0.389112            
-14445.595663488     2251.815046272       1        1.565468            
8235.494441856       4244.527317888001    1        14.684927           
-10103.600035584     -11107.727693568     1        0.791459            
-15888.8119104       9014.091850368       1        1.882154            
-12969.580985855999  10189.748219904      1        0.830484            
-7161.408600192      14293.74279168       1        0.328203            
-14704.008029568     5362.5579068160005   1        45.164809           
13994.638162559999   -13391.272566144002  1        1.89461             
-12547.929639168002  5048.436488832001    1        2.062108            
9158.231136384002    12296.431014912      1        0.905701            
4883.749098624       -6174.742324608      1        1.493244            
-4736.41204608       -15140.133816192001  1        0.637893            
-3191.660676864      5450.709724416       1        0.90755             
-7075.934731008      5125.971464064       1        1.436003            
10492.856896896      -5631.234668928      1        1.084369            
-13893.309036288     -9811.129122432      1        1.146298            
7043.1765338879995   1130.33080512        1        1.65195             
-8901.352475136      14995.120656384      1        45.798371           
-8213.478615936001   4213.203046272       1        37.415955           
3107.767183488       2548.309319424       1        53.671106           
12641.194342656      2237.121735552       1        2.115158            
-711.3075171840001   15447.061466496001   1        0.48932             
6154.506433152       14556.316921344001   1        1.83066             
-9330.883170048      -10806.033629952     1        52.426479           
-14642.4956832       14181.962585472      1        11.623083           
-5667.356395008001   -7706.771829504      1        1.893612            
-15930.66290112      -6443.285511168      1        17.225794           
21.528194688         -4822.820944128      1        23.966566           
-9561.600335232      10154.085156864001   1        0.755232            
3257.9157600000003   10124.468399232      1        0.235448            
-13463.739717120001  -7011.485331839999   1        7.642409            
-1306.85974848       959.4281283840002    1        37.871176           
-5114.294064         8005.95531648        1        2.199964            
5020.897394304       10509.346235519999   1        2.081981            
-11313.079987968     -11799.787456512     1        0.675548            
-3583.817576064      4742.987825664       1        41.242926           
-15168.321476352     12693.705628032      1        1.873469            
-15105.291518592     -11297.34543168      1        52.64192            
-2776.6301713919997  5735.317382784       1        23.038835           
6600.009867264       4082.030244864       1        1.268549            
-10726.319602944     7709.546338560001    1        0.993273            
-1321.2327997440002  3400.344313344       1        0.659111            
-9893.588690304001   -851.8531380480001   1        1.991424            
2813.910625152       1769.3787767039998   1        1.36023             
-1232.826705792      10930.960567296      1        2.222021            
-3521.078909568      -6314.455914624      1        0.257171            
754.297923456        -14063.611427712001  1        1.052218            
-11984.343807744     -13429.473564672     1        1.742329            
11896.502593536      -13982.73706368      1        1.48774             
220.91465088         -10755.752895360001  1        2.092272            
1512.274807296       2164.216843008       1        1.710754            
11689.925588352      9543.099316608       1        1.053117            
-8540.622845568001   13048.12662912       1        0.571697            
-7968.000547584001   7451.304562944       1        1.493795            
-798.2796856320001   13115.105917056002   1        0.532103            
-9840.4948224        -12750.443050752001  1        21.582816           
2069.835254784       -3011.821312896      1        16.170606           
-15127.3105632       -1437.36145344       1        30.573095           
-12682.720245888     -9427.646587392      1        0.261192            
-6285.806372736      12111.731432064      1        1.69421             
-11370.559318272     -9840.773238912      1        0.342945            
4816.89533952        -3090.7467613440003  1        2.096394            
11280.411914112      15720.86881728       1        1.20019             
-1700.7917541120003  9467.85926592        1        50.794019           
12030.588307584001   4865.938488576       1        0.776084            
-2814.480332928      -10759.455995904     1        2.192499            
8758.981858176001    9786.770091647999    1        1.218047            
13179.386335104002   7219.071395712001    1        1.148863            
-12934.239791615999  -6396.167137536      1        1.926108            
-8908.985593728      9245.813246208001    1        0.820215            
-2779.0554528000002  -13418.779473792001  1        0.791409            
10986.185206656      -15251.69676096      1        1.5127              
8816.520734208       -10130.593562496     1        2.158637            
12648.008305152      131.52524774399998   1        1.434874            
-2553.372315648      844.862147712        1        1.113711            
5889.7226741760005   -1883.2543488        1        1.872802            
-5952.443637888      10651.366015488      1        2.133698            
-8844.711613056      9457.683383808       1        0.511525            
-1542.6576126720001  12094.683651072      1        31.853583           
4213.106485632       11681.375143680001   1        1.536758            
-8187.342869376001   8841.040699392       1        2.18325             
-2341.326759552      15341.861867904003   1        39.138353           
7181.8183008000005   6578.357753088001    1        2.082645            
6347.732320512       12362.330433024      1        1.11495             
8802.41161536        5011.437670272       1        2.135062            
-8920.638853632      15635.784409344002   1        2.21305             
481.41594547200003   14761.392408576      1        0.799937            
-14511.425879808     -6096.973994496      1        1.182539            
8954.943630336       -15118.975770624002  1        1.358872            
5702.892319872       8129.857101696       1        0.899268            
11463.624463104      -1657.4279800320003  1        0.566076            
-14392.093022207999  2467.8984464640002   1        0.603756            
-225.185849856       14525.248535424      1        0.278663            
-8293.044583296      -11631.297186432     1        0.567427            
-12522.996072576001  5894.973963648       1        0.701982            
8153.2923690239995   14412.758608512002   1        1.496431            
-12434.810458752     -1012.4012954880001  1        34.356821           
2714.791128192       -3489.489096192      1        6.461886            
-10694.293657344     -14948.850407040001  1        2.131506            
-10726.27776         -10167.548928768     1        2.004576            
-15446.010564864002  -11784.923555328     1        1.998316            
-6206.69263104       -14648.476005504     1        2.035432            
12431.271511296      14640.012465408001   1        0.888913            
3061.3343904000003   -8621.098092288      1        0.649186            
991.5940869120001    -11830.962059136     1        2.035259            
7721.017742592       2744.7007864320003   1        1.321645            
8115.574173696001    -11659.003652736     1        0.745775            
-13870.330822656002  -7136.019589248      1        0.202946            
8925.642304128       12643.500532608      1        0.462437            
11426.698065024      3288.247066368       1        0.705464            
10165.044789504      -2844.299867904      1        0.351845            
15014.239663104001   1072.677665664       1        1.101726            
-15255.364455936     -10478.987570304     1        40.544639           
2182.9994968319997   -3703.137558912      1        35.227648           
-3758.93673408       -12438.769444992     1        0.980813            
1999.50531264        -6152.94858816       1        0.389629            
14694.924892032      4478.8671164160005   1        0.688508            
748.0649341440001    8374.063788288       1        1.217103            
-4721.057294976      72.17907840000001    1        2.070909            
14457.83150592       -15048.941947776002  1        1.066737            
8916.333858431999    -4004.7479366400003  1        53.429984           
-137.549022336       13965.357757824      1        0.947246            
-14582.645789184     3752.5637318400004   1        0.975438            
4739.466580992       -7625.614220928      1        50.15385            
-12370.579930368     2394.9372268800003   1        0.484855            
5134.140494208       -13408.894882944001  1        1.732293            
11545.564212864001   -10612.402187904001  1        2.182707            
