trucks_count 15
drones_count 15
customers 1000
depot 0 0
Coordinate X         Coordinate Y         Dronable Demand
-10973.083537152     -3372.433460352      1        32.343567           
28632.061193472      -31971.128124672     1        17.663422           
12134.289606912      28544.594956416004   1        39.487998           
14177.620575359999   31925.51448768       1        1.394584            
24752.687591808      12252.656858112001   1        0.264133            
-30528.190294272     11200.757432832      1        0.916016            
12935.675326464      -6348.958640639999   1        1.651042            
24136.439196672      -9047.572642944      1        0.935448            
-26154.556572672     -11565.186944256     1        13.662192           
-16439.331477888     -30043.697283072     1        0.6273              
3895.18379712        -25818.496577280002  1        2.108374            
17173.193951232002   4796.5017323520005   1        1.651344            
-1150.949720448      -5443.43709888       1        0.7188              
19593.901603584      -15081.713019648001  1        2.039994            
15465.758825088002   1345.5837838080001   1        0.657594            
29545.114465152      11089.310360832      1        1.687512            
2510.549281152       29175.293651328      1        0.841293            
-15009.635329920002  6375.149104896       1        0.621608            
-18409.686742656002  3061.8284590079998   1        1.026286            
-29687.156775936     7557.341020416001    1        1.702071            
24847.875461376003   11374.775799552      1        0.687092            
-1213.073617536      31969.346580864      1        44.343011           
28554.448969728      -28519.701623424     1        1.242821            
-26730.498947328     21679.609818240002   1        1.042               
19628.351221248      -7308.307911168001   1        1.318684            
-6982.5573734399995  -15786.037593216     1        0.8605              
-1834.842062592      -21705.259542912     1        1.847235            
-15955.853962752     5035.370224896       1        1.781056            
28326.833010432      25889.317369344      1        1.685755            
-19249.574408064     -15123.984049152     1        2.015116            
23548.512037248      -7686.515016576001   1        9.984025            
-27418.440398976003  -21840.396158592     1        0.458463            
-1828.382155776      -942.39965952        1        13.637969           
-24994.377264384002  14999.858565120001   1        1.456363            
8421.917632128001    26109.845777664      1        0.824953            
-16467.889287168004  5312.9080350720005   1        1.373009            
-3725.3899584        31204.768167936003   1        36.911222           
28367.711957376      -21203.810483328     1        29.168602           
-28520.591590656     -4543.770350592      1        1.454344            
-17694.886948992003  -17648.706822912     1        49.618845           
102.025972224        -20605.496617728     1        0.863873            
21738.835286784      -27152.742532608     1        1.666827            
-16894.893312        5814.418249728001    1        13.171922           
-17390.006384256     -22293.10784448      1        0.242668            
-18904.90764096      14323.594513536      1        0.820226            
173.22174144         -23627.596810752     1        0.27291             
-11051.563197312002  5000.637362688       1        25.320244           
-23700.35042496      10037.103550848002   1        0.95771             
-21201.367499136     -24108.417298944     1        0.349012            
-4655.845066752      7941.760193664       1        0.493051            
15747.414946560002   30829.697673984003   1        0.505138            
20942.222881536      -6121.841577984001   1        0.21468             
21939.985584000002   30221.13067776       1        0.621478            
26518.79457216       12773.305391616      1        1.473317            
17872.075723392      -16871.392061568     1        1.454748            
15710.420956032      -26810.81808768      1        2.08885             
-1408.959750528      23345.311435776002   1        1.042589            
-27060.506199936     9966.792920832       1        0.53837             
19638.673553664      10447.529723136      1        40.480801           
-28553.826153600003  12296.41009344       1        0.995625            
15028.541903232      3285.995594112       1        1.435414            
-10883.642635008     15773.476663296      1        0.54486             
11610.198686592      24055.679096064003   1        1.284809            
-26668.276880256002  -1790.206906752      1        0.765478            
-27588.689682048003  -25003.696975488     1        1.724387            
-12022.831269504     13461.974266752002   1        0.905786            
-5842.741094784      22370.406246144      1        2.148121            
29801.043613440004   -21331.471696128     1        0.806585            
-20790.94615488      -18786.036665088002  1        1.283742            
-26435.586659328     -21717.078565248     1        1.264868            
3708.2440074240003   29585.460719232      1        0.772911            
-30091.835980800002  -13904.524554624     1        2.029121            
30636.933668352      -16150.637695104     1        1.176705            
31497.372656640004   21373.296937344003   1        0.958109            
19891.944065664      7140.881417472       1        2.022699            
-22459.810133376     -19835.766694656002  1        0.755871            
-30598.721404416     -21208.780137600002  1        1.000071            
-26560.418645376     -18710.18506368      1        1.234715            
-3406.6255829760003  7130.119734144       1        25.255254           
22600.536000768      -6940.640399616      1        2.058405            
3683.7111674880002   11085.277344768001   1        0.862959            
10682.709599232      15634.134831744      1        0.696492            
-10952.80902144      29279.184853248003   1        1.301893            
-11494.327527936     -5027.392706688      1        0.4845              
5267.540627712       18813.331139328      1        3.204615            
-10852.5710304       16882.314679296      1        1.956334            
-3293.612619264      -26847.855530496     1        0.27173             
-13450.86496512      17491.778080128002   1        1.943572            
22046.168491776003   -24442.428599424     1        1.862133            
-11678.335092864     -22162.174835328     1        1.661046            
-18984.100240512     -12617.36961408      1        1.827734            
18471.817077120002   -3654.672164352      1        1.93119             
15419.952066816      3541.77990144        1        54.453157           
9909.26209152        -28962.66390336      1        1.774932            
31145.893536384003   1343.921331456       1        18.512035           
-13747.079212416002  -24201.091373184     1        5.386144            
31930.617717504      26755.205596416003   1        0.24544             
-22687.813944576003  23141.998180224      1        0.679793            
-15988.13257536      -6296.416777728      1        1.14375             
14690.919234816      -1103.263248384      1        37.895291           
-21754.962523008     -15181.474644864002  1        1.15377             
-17819.39706624      -2116.499793408      1        1.20968             
29397.66958656       -11275.23304512      1        1.866803            
7931.661560064       11184.412935168      1        1.319138            
20287.855564416      -2689.096341888      1        2.038779            
-29199.177925632     16408.032955776      1        34.254796           
16994.170524672      26024.161084416      1        1.472042            
21963.778125696      -7678.3057528320005  1        1.70772             
-15316.591948416     24567.14310336       1        1.961221            
10336.544532864002   -20600.695944576     1        1.097425            
-29918.916796032     -24835.10692608      1        1.634438            
27673.146445824      -18495.03186432      1        0.704442            
12588.459358464      32149.488501504      1        1.416775            
28566.873105408      -14022.23841216      1        2.176396            
12380.622236928      29891.68991424       1        1.17947             
21110.2078176        -3298.743207936      1        1.418513            
8082.526294656001    21024.029055744002   1        20.162332           
1864.8418440960002   -3917.358948096      1        1.580688            
-24121.75715136      -9343.613081088      1        0.704952            
27539.194307328      -29800.543107456004  1        0.834204            
-17002.754765568003  27773.667681408002   1        10.18954            
-556.461265536       12595.968557568      1        1.612424            
9303.493744512       -20124.317245824     1        2.090239            
-4430.709106560001   -30210.610396032003  1        1.677623            
28663.560883584003   6467.25347136        1        1.22449             
-20918.010301056     21590.373302784      1        1.771272            
20152.78493184       31898.303699328      1        1.217875            
16011.545311872002   -9892.650442752      1        0.844952            
-2002.9863237120003  7857.9326833919995   1        42.353631           
-7006.6412064        -408.148950528       1        46.512102           
1843.0577637120002   25041.9559104        1        1.987051            
-1282.473358848      -5255.856790272001   1        0.827092            
29191.086144         1140.5887637760002   1        0.454693            
-22286.939228928     25111.466696448      1        1.100551            
28992.454470144003   -18772.988103936     1        1.168633            
13842.946225152002   15178.577825664      1        2.247166            
-12959.87825088      13410.978983423998   1        1.917489            
12738.289284864      -26166.242019456004  1        0.299656            
30399.903046656003   -2503.687038336      1        2.202726            
-568.067854464       -24676.301688192     1        1.891157            
11723.655829248      -2095.597633536      1        2.172429            
8785.233477504002    -29718.489094272     1        0.395509            
27924.397231104      -12268.367274240001  1        0.640531            
173.566141056        -25829.778078720003  1        0.875353            
28707.59092608       -26669.83150656      1        0.537523            
21045.014901504      4034.5594248960006   1        0.272088            
-18177.25079808      -29645.992975104     1        0.225977            
5184.223279488       -6130.327648896      1        22.257881           
13085.086823424      10239.505917696      1        14.181606           
30288.241931904      -6126.132089088      1        1.364924            
5489.4756026879995   -795.904293888       1        2.090303            
6829.997999616       22739.774834304      1        8.086835            
6603.352474752       18502.648889472002   1        1.174199            
16738.310578176      12838.720397183999   1        1.946231            
5474.782291968       5244.9052043520005   1        31.315241           
-1102.131879552      22396.675568256      1        1.299386            
21375.073653120002   20693.112523776002   1        1.907704            
22081.41473472       17654.558397696      1        0.857765            
-21082.033032192     9204.218141184001    1        1.831183            
-25844.460124032     8574.396538752       1        2.229781            
-9346.6273824        -961.9741105920001   1        1.066412            
-24568.691292288     415.608259968        1        2.177731            
12664.026105984001   -12421.855239552     1        59.484821           
4895.920567296001    -19230.36527808      1        0.669802            
27313.720384895998   6731.99860608        1        0.27149             
-7224.201984384      6553.2117530880005   1        1.560483            
11527.142052096      -5855.208682752      1        1.144407            
-28117.423559808     -5842.733048064      1        0.498364            
26808.433039872      29221.322499072005   1        2.238023            
-27877.653834624     3257.812761984       1        1.930361            
-25428.459184128     3099.21834816        1        0.612323            
28021.247553024      269.373608064        1        0.253063            
9641.876023296       -26954.477789184002  1        1.335786            
-13363.960389119999  6864.561880704       1        0.416141            
14686.205466239999   11875.870803456      1        1.439129            
31702.501252224      17437.630091904      1        25.932117           
-1657.999297152      28476.922041216      1        26.749024           
-28231.419832704     27516.529915776      1        1.697797            
-22484.695419648     25037.382154752002   1        1.435161            
1434.350370816       14930.159485823999   1        1.902893            
3952.7081890560003   -15196.951706112     1        2.162832            
8354.729129472       -16324.857229824001  1        1.474273            
-21808.947967488     4419.873393408       1        55.183999           
-12182.471756928     31086.381604608003   1        1.130131            
-12673.820573568     -24876.927339264     1        0.766309            
-23416.983570816003  31419.51259392       1        1.667333            
11727.640564992      -2511.79974144       1        2.242               
5888.378871936       12615.386902272001   1        5.738015            
-29183.696036352005  -23089.488504192002  1        11.837258           
-4351.764345984      -2203.418853504      1        19.684204           
-16712.487044352     -28047.399393024     1        59.874299           
15012.229592448002   -22195.861623936     1        24.588053           
16076.714087807999   -15102.51057216      1        1.815897            
12580.019958528      -20266.657285248     1        1.161075            
-31596.369843456003  -3050.183245824      1        1.520421            
30982.35843648       -22879.662233472     1        0.369233            
-30869.707575168     -17857.53047232      1        2.013275            
-12460.872175488     4168.669279104       1        1.513654            
-15104.237398272002  126.89677440000001   1        1.697112            
-7138.1149551359995  -19135.67147712      1        0.984381            
-19363.945658112     -18464.91299136      1        1.430966            
-28553.109995520004  11295.517216896002   1        8.130225            
-12657.505044096     18036.526540032002   1        0.29387             
-4470.125159808001   -31450.506950016003  1        52.06383            
-9282.337308288      -20102.8791744       1        48.213276           
-12042.540905472     2473.072487424       1        2.045477            
8938.998249984       -7604.929322496      1        23.316277           
-23121.207065088     8765.781336576001    1        1.633823            
-16667.298274176     -16354.26638208      1        1.923384            
-3952.4490846720005  19262.370302208      1        1.191888            
12998.138795136001   -18828.735780096     1        1.578417            
23850.891681408      22624.796861568      1        11.170798           
-22477.664195712     -12691.507264128     1        2.117358            
5894.3431008         22520.458262016      1        0.290962            
-9001.714385664      -5092.630684416      1        1.8552              
19734.0577632        5964.254613504       1        1.742462            
26426.880108288      26597.610585216      1        2.090878            
8582.813407872       7501.32941184        1        1.980435            
18065.182519296002   -14898.518173440001  1        1.520122            
-17752.131315072     7123.980086784       1        1.915095            
-27966.008429568003  -23266.421392896     1        0.859102            
24033.954561407998   8679.798914688       1        26.487835           
-9091.171381248      11391.14604672       1        1.342619            
-5352.093952128      -14245.314412032     1        28.319443           
-18544.393663488     -3571.2099751680003  1        1.352447            
28764.167414400003   22865.147559936002   1        0.702613            
-13509.961686143999  -17974.991662848002  1        1.542765            
5031.371005056       -20595.663525888     1        54.268213           
-1004.4640108799999  -11106.53356032      1        0.936516            
4067.35141824        20009.2153536        1        1.175283            
-25961.615539199996  233.95677465600002   1        1.66777             
-11726.736113664     19519.863732864      1        2.248539            
-5128.580210688      -30953.206779264     1        0.544124            
-24047.078761728     10472.505132672      1        1.417656            
657.986731776        -14730.287007744002  1        44.810393           
-3452.2376106240004  14364.77923584       1        2.152925            
21521.256806016      -29727.636605567997  1        38.78381            
30276.195992064      -18574.322633856     1        1.862199            
3213.0488586240003   16507.823549184002   1        0.253448            
16390.108082304      -24978.745706112     1        1.586632            
5539.104552960001    -6577.688265984      1        0.539933            
31293.309446784002   -865.32817536        1        22.086306           
-27129.056207616     5219.8702490880005   1        1.163652            
10010.507531904      -28133.808291072     1        6.123783            
27475.382208384      10067.417154432      1        5.544596            
-8581.025426688      -2580.211345536      1        54.247637           
8465.759381376001    2042.8803521280001   1        56.003299           
-13429.315848960001  -13310.388546048001  1        0.253852            
-11073.075298560001  10375.703091072      1        1.12419             
-24305.135462784     -17117.209701504     1        0.88077             
32114.319507072003   5423.960817792001    1        52.967211           
4977.834567552       14961.031531776      1        1.179297            
16716.80330496       -3278.7374526720005  1        12.18922            
-15159.659986944002  -4783.4242030079995  1        53.143353           
-19076.870875392     16141.000943232      1        1.721782            
16093.599325056      -382.502444544       1        0.414943            
-26821.101795839997  -1429.803974016      1        0.603894            
10928.142605952      17317.915819776      1        2.024467            
-20896.153800192     9597.99082176        1        1.371231            
2137.467936384       -760.878531072       1        0.477664            
-14995.345964544002  -14352.686625024     1        52.396662           
-7513.497661824      20725.96889088       1        48.016558           
-1885.53157056       -13406.402009088     1        1.445964            
-14642.291296512     -22275.427591296     1        1.62114             
4837.803936768       13263.479387136      1        14.507211           
24463.047514752      29645.033806080002   1        0.521889            
-3160.5890722560002  -2340.201828096      1        3.183151            
-29338.410321792     -28458.552988800002  1        33.783409           
-29886.754056192003  25524.527364864      1        1.913206            
29201.276510208      13114.056624768002   1        0.468643            
-28418.34352896      12117.30619968       1        0.413156            
-12474.794610432     -15362.165351808002  1        1.762149            
30817.339521408      -7457.27361984       1        1.054579            
-10588.400431488     -26470.412863488003  1        1.004573            
-13557.92657472      9762.502793472       1        0.738866            
2919.551184          -31014.105965568     1        0.60164             
-29399.467223808002  22651.697046528003   1        0.928599            
14710.475983104      -12865.992340608002  1        1.281213            
-4791.855556224      21065.608067328      1        2.165592            
29623.309271423997   7334.825072256       1        0.994759            
-13064.6143584       22322.536308864      1        1.110023            
-9390.454647552      -16612.463096064002  1        1.052113            
-24967.309707648     274.81962816000004   1        2.250491            
-26656.961582592     -8459.534438784      1        1.642128            
-14166.03329856      7198.172454528001    1        1.14495             
4269.37237056        984.152480256        1        24.606783           
-15947.004180095999  -24196.61578752      1        1.912972            
-10507.097981952     -17696.967830784     1        0.965732            
-23322.946382208003  23012.651984256      1        48.731148           
30667.348660608004   -10513.318096512001  1        1.08317             
2366.9024544000004   -30827.106630144004  1        1.858705            
27610.00222464       4870.377059328       1        0.478938            
-21255.573423744     29550.937071744      1        1.238364            
10063.852457472001   13595.126561280002   1        1.081855            
21611.421912960002   -14897.843858304002  1        1.974863            
-1302.467848704      -7522.110870912      1        1.829735            
28925.018128511998   -4221.149986944      1        27.466406           
-29778.42428352      -4530.181049856      1        0.880028            
-5216.274974592      -3567.5937792000004  1        0.952257            
-10733.883519744     2524.165940736       1        1.944338            
1900.765620864       -15847.912041984     1        0.634801            
3558.003698304       -31780.140834816004  1        45.057879           
-26470.889229312     30809.839978368      1        1.159806            
-5602.865152896      -10354.282722432     1        0.60168             
1804.4769600000002   11730.096423936      1        2.057905            
-15660.766256256002  -26204.732699903998  1        1.354638            
21886.095090816      25992.416774016      1        0.232204            
17027.145983232      15463.771285248      1        2.255786            
25673.311217664      -1675.7020811520001  1        0.867736            
-16516.51239744      -5822.559921024      1        0.743461            
-31268.630156544     -20808.167745024002  1        0.557857            
19602.827025407998   -11370.103873920001  1        2.004799            
27650.000860416003   31942.964604672004   1        1.012465            
9409.298456448001    1718.338431744       1        1.094185            
17720.029730304002   -30239.269593984     1        0.508989            
-10482.050151936     -17807.940146304     1        1.98914             
27492.4637856        -10393.750274688     1        2.053126            
-17176.674962304     -175.418496          1        0.868612            
26162.170379136      -1074.46242816       1        0.656198            
-1400.7215185920002  8936.210866176001    1        0.933185            
-23729.67267264      -5639.271732864      1        1.958895            
11655.878306688      21419.850431232      1        0.241163            
-25402.048239744     -22507.284172032003  1        2.125557            
4924.460673792       -6335.388652032      1        1.809494            
-18854.791059456     -22414.006593792     1        0.348643            
28106.79867072       14576.533500672      1        1.032044            
22325.283459072      -22952.240429184     1        50.585816           
-3573.71733312       -18028.138639104     1        0.847407            
18427.814393472003   18378.737448192      1        1.231063            
2489.0661480960002   697.4687681280001    1        0.307142            
-4091.275926144      -15559.152276096     1        0.895045            
8641.406404224       5981.252504832       1        1.007884            
28059.042996864002   -6053.206275072      1        0.693572            
26646.481534463997   2828.280457728       1        0.245134            
-22582.516176        -24059.341963008002  1        1.639546            
-15209.111909376     28910.936368512      1        1.213365            
-10370.088089855999  -15695.259326208     1        0.379431            
-18787.90833216      31121.0517024        1        22.687749           
-4910.171308416      -30693.661435008     1        1.900794            
22009.245312384      -24301.685029248     1        1.364586            
18958.569607296      -32161.062903552003  1        0.322997            
-29212.347187584     16939.013477760003   1        0.581591            
-12058.335007488002  -10757.067729408     1        1.906464            
-17914.665403008003  5767.871193216       1        54.09022            
11986.738511616      30777.377900543997   1        36.467084           
-31051.754959104     25941.934871424      1        0.455738            
26785.126520063997   19597.736670336002   1        58.093027           
-21412.420089984     -23376.243027456     1        36.366532           
14470.912253952001   -1174.02449472       1        0.303728            
-28083.875174784     9822.674556288       1        0.949371            
-21798.115473023998  -19240.698875904     1        1.411155            
31896.317768832      18211.98848832       1        39.249954           
26900.88502464       30947.828351616      1        0.296476            
158.533258752        -18363.429368064     1        1.159179            
31554.636334848      -30786.620363136004  1        1.699073            
27598.730379264005   -19610.094822912     1        18.172729           
-23101.717909248     -18176.88064896      1        50.151823           
-9728.703350784      26726.702504832      1        2.010678            
-5673.201532416      -2554.66461888       1        1.10359             
-20984.907512448     10303.063740288      1        15.358998           
19740.30201792       -32109.851968128     1        14.911954           
26452.075997952004   -1622.4440601600002  1        0.219891            
-19048.974506496     6512.181527808       1        1.697               
-31672.195695360002  -4184.556723072      1        20.129579           
-14984.371847808     -13069.584012672     1        9.91778             
-16630.363829376     -15170.099801472     1        1.459478            
24259.314220416003   -8120.257364736      1        1.31141             
31277.38337856       -25222.37141952      1        5.123079            
13050.519723648      -5188.555633536001   1        1.810463            
-9026.0460576        -2017.853443584      1        0.700375            
23547.10064256       -4719.539683584      1        1.211493            
2501.670530304       25796.66582592       1        0.913568            
20667.723512832003   -24948.876281472003  1        1.808994            
86.772609792         -3630.226228992      1        0.280367            
14532.113996928001   11511.964328832      1        0.411842            
3452.416247808       2671.345277568       1        47.809659           
2433.724026624       -3335.8337591040004  1        1.085536            
10732.148646912001   -24593.378629248004  1        0.94056             
-8634.428288640001   -5113.128898944      1        20.281885           
10200.571058304      28626.196743935998   1        1.502147            
6735.85298496        18796.391184384003   1        1.069204            
1019.187899136       15926.526887040001   1        1.679179            
2146.320937728       -7883.572752         1        34.354417           
6058.290192768       -10906.957201536     1        0.632828            
-30554.303510016     9392.75118144        1        48.399549           
-10156.655279232     28129.791368448      1        1.919563            
18973.259699328      14203.218801024      1        0.279741            
-9457.919957376      9919.608564096       1        0.961083            
-18842.088507264     5564.565984384       1        25.4077             
26159.999374080002   -6012.571948416      1        0.650794            
7700.525965440001    -11061.751954176     1        1.866719            
-10475.33275008      -31059.60694848      1        23.595945           
23156.170063488      -15978.304311552     1        0.899925            
-6251.31974016       14669.756361216      1        0.489143            
2407.10386752        6892.453421568       1        0.823021            
15237.903073536001   -31390.245063936     1        0.45543             
-11137.413652992     12664.94182272       1        34.756244           
-20041.376484096003  -1570.1983165440001  1        0.353146            
1773.073830528       -2258.662804992      1        0.785115            
-26782.72698816      20149.889721984      1        40.994132           
-29902.784731776002  14296.892277888      1        10.676073           
-20739.051248256     6438.991781376       1        1.878819            
16428.141709056      11938.926510719999   1        2.033179            
8144.363728512001    26616.629812608      1        6.769561            
-15348.439256832     -26280.890076672     1        0.643242            
17891.35083648       -21083.513628672     1        1.781319            
-5847.9682440960005  -1282.742119296      1        1.106655            
21843.415287936      1645.411008384       1        0.702945            
-6747.221390976001   30268.306987776      1        0.307601            
23134.841427456002   26009.475820416003   1        0.999908            
-10037.932363008002  22749.052702464      1        35.057162           
6420.716070912       -19440.799880832     1        0.637006            
16105.00313664       -21901.076474112     1        2.048406            
10298.926116864      11542.097685888      1        1.491258            
-27601.306939007998  6643.845179136001    1        30.030228           
-834.893870976       15333.622026624      1        0.320566            
-17417.45535552      11967.981607296      1        27.694214           
-17701.824830976002  28916.417794176      1        0.982305            
26046.044944128      23429.177570304      1        20.842522           
14388.280486271999   -7393.817185920001   1        0.724995            
-20662.913183616     -17873.282731392     1        39.581387           
-29728.777630464     -29980.285910784005  1        2.012552            
-13531.430335104002  16713.507368448      1        1.504362            
25880.546444544      14923.163667456      1        1.153536            
11410.21677312       -13345.354763136002  1        0.765157            
30563.940261887998   -18960.608646144     1        19.746033           
27083.975263488      -27794.309127552     1        17.263414           
28377.651265919998   -14390.137669248003  1        1.856706            
16232.698145664002   -11995.667152128     1        1.483549            
9844.485995519999    -20041.753070592     1        0.5947              
-5431.542437376001   18588.674763648      1        1.063273            
-11833.326185472     9893.638579968001    1        9.899421            
27754.71443712       -2107.144676736      1        0.647185            
-13749.092501760002  -13493.102198400002  1        2.22061             
-24499.125788544     25128.652881024      1        0.695028            
6437.369562624       -14189.170837248     1        0.64322             
28670.410251648      2957.91794496        1        16.327217           
29662.437252096002   -4.984138368         1        1.794107            
17387.688928896      -20406.509278848     1        6.505632            
29606.826370176      -21007.707088896     1        1.133836            
3895.3012792319996   -4913.679678336      1        1.138334            
-14819.341667327999  -28743.083398656     1        1.320691            
31257.329342976      10103.226667776      1        1.155407            
-1215.534304512      -12072.66299712      1        0.511334            
23430.753118080003   -9893.591908991999   1        11.16884            
-5712.7286304        -24045.063863040003  1        1.498022            
12032.7029856        -28937.653088256004  1        0.600577            
-3218.702484096      31029.515434368004   1        0.245642            
-10555.624531584     -11787.701283072001  1        1.196905            
-2709.111753216      15592.840674048002   1        1.211406            
-26033.405156351997  -2004.545778048      1        38.6679             
27675.938657664      18468.112367232      1        1.028128            
-26941.450149504002  4403.7429384960005   1        1.494948            
-11677.757338368001  -27618.003883007998  1        0.967648            
-27035.126845056002  -1267.6335978240002  1        1.300429            
8751.440472192       12146.893989119999   1        0.50388             
-6171.8117091839995  32009.50615104       1        56.413217           
23730.861977856      15838.573018752      1        1.448066            
26600.66994816       -4117.15256832       1        1.615855            
-14316.695255808001  27548.964634752003   1        2.181824            
-11222.686354176001  -2902.120379136      1        1.456876            
-21448.007513856     -18343.726169472     1        1.698999            
28929.22173504       -7627.596932736001   1        0.364906            
-18096.561508608     -31867.079207040002  1        27.184215           
-25860.778872192     21296.791942272      1        1.698448            
-14602.717527552     -18064.78983936      1        2.175673            
-4697.105428224      9585.182052864       1        1.662947            
22737.393005184      -1141.776459648      1        0.410479            
28834.523106048      -13021.257021696001  1        2.263285            
-8139.321653760001   7182.016250111999    1        0.768352            
6176.374199424       6331.230107136001    1        23.604138           
23824.54350144       -16332.606221184002  1        0.351358            
-6616.079167104001   -26524.808690688     1        1.650593            
-16144.707262464     -10146.384445824     1        0.635939            
8881.517310336       7512.918297984001    1        51.594115           
20189.898013824      -939.1085510400001   1        1.021247            
15588.493835904002   17051.424546816      1        4.088046            
25365.194262144      20680.173398016      1        38.090829           
10146.992777856001   -24987.780563328     1        1.964968            
-7391.80550592       22998.8534688        1        1.349024            
30308.242859136      18707.865998976      1        38.124707           
20458.203017472      10795.086872064      1        0.565342            
-11532.847176576     19151.715027456      1        1.297608            
13467.632720256      -9704.27994624       1        2.0855              
1715.362754688       23385.70757952       1        0.778899            
-3016.8376381440003  -24743.060496000002  1        2.197202            
-2487.712689792      30715.986254976      1        2.143431            
11227.649571072      -23391.955052928002  1        0.403538            
30874.027054464      -549.581319936       1        20.700414           
24045.374466432      30320.498013696      1        1.98608             
-31049.276569344     15766.8638688        1        0.858626            
-14077.363272192     15300.33918336       1        2.184337            
-18278.745686784     11311.248554496      1        1.951002            
-23122.348089984     1068.015396096       1        4.44073             
22088.622986496      -31884.962237568     1        1.585747            
26479.40587776       26792.766076032003   1        1.356284            
-4206.249070848      -30724.663837824002  1        0.250871            
-21959.959152384003  13617.073185408      1        1.5732              
-26915.901813504     -4066.9764410880002  1        1.134948            
6991.05470976        -24088.166923392     1        0.982121            
15630.742334592001   21928.102187904      1        0.393499            
-2175.483860352      20084.12227008       1        1.663215            
-22810.838637312     28661.010073344      1        0.93406             
6513.5671729919995   -7855.888816512      1        1.403489            
-28063.283618304005  19746.242106624      1        1.192686            
-5347.047049344      -25077.229512192     1        0.308022            
24398.794455552      -18219.304566144     1        0.876022            
-20594.28431808      16645.438554624      1        1.607366            
-16800.157668096     1139.232086784       1        1.288213            
24336.614231424002   -10502.287652736     1        1.72949             
-31055.026755456     15994.804915584      1        20.199725           
-1792.5887358720001  -8821.081615104      1        1.58692             
-15521.113821312001  28325.55680064       1        2.170072            
-12278.100586752     23591.903170176      1        1.642132            
12834.658412928      20408.088045312      1        7.352536            
28763.736110208      -1800.4648654080002  1        42.787519           
3072.9635101440003   -9189.165946752      1        1.374738            
-30839.464782720002  -22074.980577408     1        1.31799             
-3924.64283904       13789.15712064       1        27.319383           
30152.535608448      17393.440724352      1        26.748549           
21552.542453376      -23908.76851968      1        1.618624            
-4853.820128255999   22433.299409664      1        1.853378            
-14622.652471680001  -12726.692352000002  1        0.858675            
-31404.2962464       12889.445310720002   1        0.298485            
17098.864789248      21974.346687744      1        1.263688            
-30414.369439872004  -22514.877057024     1        42.058781           
-7721.070850944      -19585.182177792     1        0.961661            
29780.907501312002   -32096.531427840004  1        1.376568            
855.43875648         12723.784267392      1        6.797778            
23204.522803968      -9212.116801536      1        0.204239            
-28637.080737408003  22972.585756032      1        53.59468            
3907.4292956159998   24850.239587712003   1        12.619281           
6876.9650949120005   9859.341849984       1        1.024847            
-4430.179632384      -21646.458941184     1        1.286759            
-2401.65623808       16418.030200704      1        50.340798           
25228.18919808       -9333.408230784      1        0.479867            
-29969.638490880003  -22633.216949376     1        0.990797            
21260.787698304      -27365.937160319998  1        1.41862             
18529.219158912      17632.302779520003   1        0.760636            
10642.944318336      27963.781097472      1        1.886301            
30976.349145984      8160.849848448       1        1.726705            
26020.853882496      24869.10431808       1        2.241534            
-17048.379667968     -16752.577412736     1        0.435079            
18941.497686144      -16104.903357312001  1        2.168333            
29890.140115968003   2551.938390144       1        0.724907            
-3340.174159872      -30488.436278784     1        1.731461            
-635.171061888       -31971.140999424002  1        2.081314            
-1153.60996608       9765.90977472        1        26.203055           
-4563.298130688      4229.2755648         1        39.657475           
-7399.325970432      14890.984834176      1        2.161216            
-8822.1824064        -20885.087950848     1        0.251429            
10042.329090816002   -30733.317280512     1        1.787941            
-20463.021393408002  -23137.245787392     1        0.371997            
26096.118073343998   3471.7203290879997   1        1.217086            
14335.61792256       30313.886828543997   1        0.904742            
28407.586673664      -10054.34445312      1        1.14125             
-16726.320965376002  -12806.132790528     1        34.198523           
19073.420441856      -27696.211564031997  1        1.819445            
26006.424504192      28129.408344576      1        1.249753            
-201.092360832       -9658.941507072      1        0.891737            
-8008.470721152      -5520.407194368      1        2.164167            
32130.153842688003   17224.644678912      1        50.893362           
21262.308528384      -4590.714915072001   1        1.618653            
-13139.685427968     -22939.084041984002  1        1.156008            
22488.623828352      -4205.193341184      1        1.472837            
15057.326630016001   -15819.906237696     1        0.422437            
-5731.34874048       -16971.20840448      1        20.137801           
-3301.7703840000004  -6355.3541736960005  1        1.305977            
-2650.415758848      27103.65432192       1        17.135439           
-27556.485099264002  -10005.376943232     1        0.300782            
31271.285574144003   -7596.728105472      1        10.46148            
-29816.156962944     -16321.66107264      1        1.380026            
-17608.29136704      -5019.783728256      1        41.884756           
-11308.070100096     11114.38715904       1        0.725227            
4056.98724288        -31775.868026496002  1        25.467167           
-2801.671564032      2667.410431488       1        0.737276            
-9847.52765568       25461.735590016      1        1.03135             
24592.730063616      20327.287711104      1        1.943048            
-11421.760597632     -3781.4321445120004  1        0.425255            
-19630.596256128     28301.656432895998   1        1.03565             
-26587.555403904003  -19897.718391936     1        0.716908            
14061.659293440001   -27355.040292096004  1        1.225061            
-2421.15344064       22771.477301760002   1        17.60265            
9643.123264896       -7782.279031296      1        0.786649            
29768.893748352002   -22259.612567808     1        0.927153            
29185.929805824002   -8637.048300672      1        2.109843            
-7306.128859392001   12671.11365696       1        0.663494            
16433.55876096       23120.793463680002   1        1.220426            
-20015.895740544     -7636.55454144       1        0.379613            
16650.350272512      -11817.773485056001  1        1.035344            
22601.228018688      24368.842954368      1        14.864325           
-24711.172953984     21632.932404864      1        1.09977             
28628.868254976      -1478.621814912      1        2.231114            
-15472.532553984001  26566.093192319997   1        0.25235             
-29550.502548864     -17941.786068096     1        1.591624            
-12725.377517952     20591.057583359998   1        45.74144            
3072.982822272       -26386.704444672003  1        1.354544            
29186.633089151997   13458.319446528001   1        22.804086           
23785.434832896      8742.732311808       1        2.161295            
23032.071938304      -547.551937152       1        0.57851             
26648.794161792004   -30625.814710656003  1        0.754089            
18630.397006848      22386.346798464      1        0.829891            
1861.502455296       5779.921961088       1        1.284114            
-13726.902866688002  27544.680561024      1        16.052814           
5058.638120448       25954.185197952      1        0.810076            
14270.193260928      -26545.628774016004  1        1.45967             
-28632.344438016     -9516.434095872      1        0.964616            
19272.959785728      17910.479499264      1        0.769376            
-19177.997224320003  10292.459772672      1        27.469824           
-32027.352166656005  8945.083179648       1        22.695294           
-9547.619963904      14456.379877632      1        1.764125            
28449.58894272       -5525.43317568       1        1.990652            
20046.098299392      2362.4976798720004   1        1.018368            
-6792.521205888001   31442.627601792      1        2.059083            
25241.746311936004   -30808.669985279997  1        30.101799           
16159.693473792002   27831.70545408       1        1.726794            
-29725.206496127998  7118.366694912001    1        0.741054            
-10658.001340800001  17843.382729216002   1        1.352751            
22403.362392576      -25162.31070144      1        1.610526            
1971.143843328       9526.178673792       1        0.586814            
741.228440832        15499.410208128      1        0.511152            
-26800.865904384     -644.63078592        1        1.314551            
10448.524297728      15451.699595904      1        1.154814            
-5424.4243088640005  -18388.866659328     1        1.911622            
-22361.949143424     -6964.172227584      1        0.890947            
-27267.537040128     -2761.598898432      1        0.931663            
12771.04587264       -28982.141793792     1        2.210494            
-1101.077759232      -859.9127328000001   1        1.757535            
-18320.195950848     -19970.499364992     1        19.459382           
-30112.232806656     1563.1155936         1        1.166146            
-29701.685933568002  21152.87152704       1        2.003905            
13390.525830528      25514.876128896      1        16.061966           
-1520.691676416      28500.535945728003   1        2.123727            
-27662.252796288     -8875.104074496      1        16.499568           
-22853.661671808     -26618.483776896     1        0.438089            
-30113.298192383998  -5909.37437376       1        1.410387            
4101.28443648        27064.346094720004   1        1.417368            
-7593.715413504001   -7564.509038592      1        0.588271            
14930.014644864003   -3317.450222592      1        0.841314            
28929.22173504       11171.32574976       1        2.102249            
-10616.662121472     -959.2414444800002   1        2.167105            
6025.2567978239995   12896.315600256      1        1.792086            
6934.532939136001    6374.637333504       1        1.27317             
-4894.954960896      -11358.60511104      1        0.726475            
-13959.840926592002  22234.572784512      1        1.442959            
-12078.413183232     20058.577152768      1        1.089196            
-13474.866721536002  -18648.415222272     1        17.173637           
-23773.723636608     14473.936211328      1        0.590729            
12136.764777984      24968.251173888002   1        0.212761            
-4520.698795008      -20706.848274816     1        1.636502            
9666.255975552       16859.433026304      1        1.744688            
-25345.214256384003  -6405.51903552       1        0.528392            
-1952.98722432       30310.071073920004   1        0.356923            
6075.2896934400005   -20403.998702208002  1        1.611877            
-12630.04319808      29598.650902656      1        1.352928            
7803.16187904        -13051.018620288     1        2.101055            
-23679.7266816       25287.409838592      1        1.718323            
-17176.032834048     -23303.423430144     1        1.535767            
3598.6895239680002   121.82895014400002   1        0.721787            
6220.143528192       -15686.692788096     1        2.125709            
22715.766640512      16916.5389888        1        1.392328            
-8290.83334464       13283.776433664001   1        13.98889            
17514.244522368      8398.706063616       1        1.419179            
-3831.6678174720005  11112.7617216        1        0.805285            
18476.244382464      -16475.446766592002  1        0.894037            
9864.831322368       -23958.019274112     1        1.143597            
-18318.966412032     8531.481771648001    1        31.43009            
12662.38296576       -24956.348465664     1        42.457957           
-82.61567424         11725.715789568001   1        1.830258            
-28681.530818688003  -11454.101974656001  1        0.609738            
-10622.051814528     -23136.433068672     1        0.351492            
-366.981931008       3639.359256192       1        0.757869            
30089.029284864002   13243.093826688002   1        2.032172            
-20638.58151168      -6793.858570752001   1        1.142378            
2272.32130752        10585.933307136      1        2.261835            
-2558.20517568       25495.478705663998   1        1.32287             
-27850.497763968     -22187.48659776      1        1.558215            
-16691.702366592002  -20086.37535168      1        1.181872            
21179.0877408        -13888.545378048     1        1.759846            
-20244.071751552     -25288.916184576     1        2.005418            
-3991.8458257919997  -2316.0761521920003  1        1.08738             
-16469.55173952      31540.8490848        1        16.466536           
-29155.625858304     -21500.887339008     1        0.908196            
-13916.539916928     13743.108960768      1        1.810965            
-26827.310644992     -29060.821012608     1        1.751319            
28153.405272960004   -7065.150516864001   1        0.896026            
-22960.01195136      -8629.989717888      1        0.820964            
1177.828983936       8153.284322304       1        1.769399            
-12326.13467712      1876.5272908800002   1        13.161299           
-6483.161836800001   -16435.5463008       1        0.810991            
3566.850262272       -22947.488036352002  1        0.695643            
5855.097638016       -22108.997281536     1        0.420465            
-17417.502026496     7352.71454016        1        0.553307            
-4583.482523136      -23315.112095616     1        46.704717           
-21637.63812672      -2210.084756352      1        1.848324            
10803.11588928       433.011705984        1        27.408562           
31939.490030975998   11427.192133632      1        1.101205            
-24180.01540416      -23356.477064448     1        1.952167            
-16014.154058496002  -2270.742541056      1        0.80235             
4953.6058936320005   29100.972536064      1        1.5915              
-10928.281009536     757.634093568        1        0.479334            
19845.2634336        -12117.117906432     1        1.253346            
3415.842296064       -23974.67115648      1        0.899928            
19003.566865536      17453.084622336002   1        1.437121            
22800.141327744      22351.868212608002   1        0.861153            
-31822.593720192002  640.082779776        1        0.679207            
30759.494870016002   12990.341523456      1        1.676269            
5330.688067584       5417.991760896       1        42.64495            
-1039.351370112      -17504.5530528       1        0.320615            
-6948.144770688      -15743.076155136001  1        0.647331            
-30146.931872639998  31947.002448768002   1        2.150819            
-31886.920809216004  -13404.033054720001  1        2.186379            
11816.445776256001   1542.3679307520001   1        1.888578            
-27038.421172224003  3578.27982336        1        36.255368           
-2625.644736         -22132.179881856002  1        40.893698           
-2275.224564096      24656.408587008      1        0.744405            
-22586.523442560003  -19215.02018304      1        0.813049            
233.280850176        25977.905319168003   1        27.782338           
13740.799552128      24095.405752704002   1        1.317151            
15801.389125632002   2653.621572096       1        1.273836            
12970.691433216      14173.442718336002   1        1.702437            
27714.54521088       4799.810543615999    1        0.695702            
-15982.350202368001  -29459.569784832     1        14.1157             
8810.134857216       1673.486014464       1        1.019164            
1236.11298624        -8007.065763840001   1        2.137593            
-13636.478655359999  20828.271670272      1        0.920555            
-13331.132990208     -9069.429143808      1        0.899174            
-27471.394253952     19070.73444672       1        20.315546           
-7572.624960384      -28275.708979584004  1        0.271931            
18137.27469312       -392.227710336       1        2.240459            
18967.643088768      -30032.175989376     1        0.20209             
-9634.213936512      -28128.804840576     1        0.851593            
9409.053836160001    -12828.344956416     1        57.009925           
-6996.648789504      15498.584614656      1        1.593444            
-9155.42926848       -28789.401928320003  1        52.133578           
-1052.707315968      20379.277569024      1        1.754798            
-27200.353365504     9112.16205504        1        1.051581            
22903.414541568      -15947.710682112     1        1.112963            
3719.9455476480002   26067.511983744      1        1.944392            
3957.494378112       19527.0558912        1        1.653152            
-17614.743227136     11613.851897472001   1        1.584865            
-11329.794634752001  10378.601519616      1        0.924532            
-23246.484839424     23350.870109952      1        0.287218            
16961.148395136      -19340.27542656      1        1.384598            
-25300.78670592      -26959.188339072003  1        39.190175           
20806.289640576      -27078.390839808     1        1.096488            
-668.862678528       -8114.780767104      1        2.000676            
-2691.857976192      -18079.178984064     1        1.234084            
5399.621099136       -20335.32477504      1        0.594727            
-24741.801988992003  27160.361167104      1        0.638735            
-25126.324160256     -2963.0131280640003  1        0.628732            
24142.210304256      -4988.1697747200005  1        0.862283            
-24564.750008832     17655.636658176      1        1.921397            
-8968.827441024001   28374.88319424       1        1.068619            
27598.0769856        9759.549647232       1        0.682144            
21155.926061952      438.97432550400003   1        0.610163            
-21724.695590400002  -5734.620536832      1        7.573499            
-29704.803232896003  12665.347377408      1        1.140958            
-31618.590056064     -24587.0748288       1        1.127125            
17651.219008896      -29459.119168512     1        1.545027            
-11645.836000128     24590.291907456      1        0.408097            
-29475.856346112     -26060.480759807997  1        1.258256            
-1557.331611264      -13749.440120064002  1        1.967994            
1404.36185472        -922.5065583360001   1        0.497989            
-31355.264362752     -11430.531522432     1        2.170465            
25095.344288256      -21652.807803264     1        1.720679            
19887.148220544      5695.78223808        1        9.721291            
-20042.881220736002  13803.946992000001   1        1.035948            
-21991.231924992     19530.543339648      1        1.463217            
7787.630100096       21209.145458688      1        2.155611            
9229.837288319999    2461.1214988799998   1        1.869372            
28955.608539263998   11478.802186368      1        0.471204            
23026.96870848       -10657.973981952     1        1.987309            
-19084.67136576      24915.733451136      1        17.992068           
15702.446656512      -16691.100471936     1        2.157961            
-17831.761656192     21397.903807104      1        0.597886            
-4859.612157312001   12950.708208768001   1        1.090541            
-29835.584963711997  3194.953394688       1        0.533039            
17533.582399872      11801.36783232       1        24.436588           
26827.288114176      18483.898422528      1        0.414937            
14439.304737792001   26406.892055808      1        38.607815           
6940.677414528001    -24713.295678720002  1        1.462129            
20398.863285504      -22496.831482752     1        0.226449            
-8958.443953536002   -27195.63637824      1        0.40891             
26098.242407424      12624.156217728      1        0.201625            
-15998.899086720001  -12383.451463680001  1        1.935521            
18428.548254336      -8691.799792896      1        1.863556            
5148.55699776        -31783.406193792005  1        35.333846           
5047.583536512       26489.578541184      1        3.945262            
18737.440913664      -29950.120366848     1        2.084422            
7160.275622016       5491.941117696       1        22.033496           
26832.132239616      -27893.179176192003  1        1.631055            
-17733.958602624     1547.838091008       1        1.492152            
-2335.478403456      -11706.590345472     1        1.378976            
2062.327665024       -23501.369523456     1        0.257867            
28768.64139072       -2125.011613824      1        34.729257           
9730.10991744        -26926.631309952     1        1.442854            
-21706.44562944      20297.138260608      1        2.113886            
-11229.381225216     -30867.319308672002  1        1.833649            
-18691.103071872     -30280.010137344     1        0.288217            
24680.00639808       -19957.087092096     1        1.233366            
4366.917929088       9154.690579584001    1        2.103789            
8942.70617856        1734.0665506560001   1        1.479552            
-29739.933603072004  14995.257450624002   1        0.421381            
-13393.752565248002  3951.9743281919996   1        1.393476            
9390.871467648001    -15013.954809216     1        1.223682            
-6796.00221696       30322.218402432005   1        21.57326            
5933.471081472       -25948.808379648     1        47.267582           
-10785.097673856     3781.0281991680004   1        0.958141            
-14829.366271104001  -28774.744023168     1        1.437372            
28977.368479488      -9280.90982016       1        19.320694           
7673.991101568001    24424.63569216       1        0.455534            
-18104.350733568     -16633.577689344     1        2.244508            
-9029.507756544      -28130.108409216     1        2.247756            
-10823.507887104     -6954.905624831999   1        2.214502            
31228.790845824      12986.345522304      1        2.015679            
9919.555455744       3294.6458181119997   1        2.205454            
-26532.702523008003  1760.8009731840002   1        2.268847            
21379.045514112      -30693.881915136     1        1.926171            
-27321.51926592      -25167.0421728       1        1.515132            
-11710.937183616     6889.384402560001    1        1.455601            
25801.947692928      -2591.2530547200004  1        1.159458            
-17885.751928703998  15688.125104256      1        2.15122             
20887.112505600002   15682.3330752        1        55.722234           
20218.525024896      7118.538894720001    1        0.511499            
-20622.840518016     22632.415496064      1        8.183046            
4227.555176064       31336.951637376      1        2.191793            
-1015.9225401599999  -7851.551634431999   1        2.146584            
13642.261028352      22054.541908608      1        1.520561            
-3424.412052864      28975.353580799998   1        1.167563            
-19360.743063552     -30664.588635648     1        0.899325            
-12248.844322176     20957.770753920002   1        0.884786            
-22648.214426112     -24008.596128        1        20.08323            
4441.570569216       -12813.85442304      1        0.591829            
-27625.424568192     22002.50055168       1        1.536755            
-17176.645994112     31742.997175296      1        12.910762           
12627.355593600001   25209.631852416      1        0.495626            
-6062.056057728      29515.613580288      1        1.274735            
982.016880768        7027.639926912       1        0.418405            
-27373.550966784005  24678.593394048      1        1.224676            
2258.600040576       -9704.080387584001   1        0.847536            
24703.224403968      21917.762152704      1        0.910266            
-8546.717431296001   3106.16266752        1        22.163147           
-25814.096630784003  -12528.33265728      1        1.291436            
18296.327769984004   -26663.968666368     1        8.522468            
-4364.252855424      26993.388508416      1        20.632723           
24772.1493888        -28682.90358912      1        0.984166            
-31182.699233664003  -10951.273707264001  1        1.079514            
-13749.778082304     -27253.577590272     1        1.553888            
31667.235697152002   -12549.373220735999  1        13.508572           
1232.477478144       -26580.31174656      1        1.602401            
-16512.884936064     -26955.235790207997  1        1.829764            
17443.769739264      -11641.605034752     1        0.605261            
5981.394127104       26829.816393600002   1        12.277523           
23843.947362048002   -1446.25307904       1        0.657628            
-31057.431115392003  -19068.714720000004  1        1.644661            
15922.707913728002   -17005.950922752     1        0.312669            
-28233.4862304       26528.178657024      1        1.160019            
5707.115238528       -1630.046601216      1        1.929299            
22376.224024704      1605.0792384         1        0.415522            
20682.011268864      -25694.905395456     1        1.08585             
20161.948536576      15812.895935232      1        31.080329           
23771.105233920003   31363.472017152002   1        0.434095            
-30218.710224383998  -4905.323964288      1        1.5232              
21688.971372288      28202.694651648002   1        1.510132            
-31370.327822592     -27490.046550912     1        30.609502           
-14466.298264704     30207.129384959997   1        0.223104            
3977.3649484800003   -22931.381721600002  1        34.956478           
-9955.11230208       -25160.044745088002  1        0.807661            
-22268.153356416     18602.84181888       1        1.771077            
11647.273144320001   -27358.18816896      1        1.487995            
10074.057307776      22936.19366016       1        27.311389           
24978.802033152002   18108.815053824      1        0.865462            
9822.43798272        29846.148697728      1        19.564818           
16777.62041472       31224.688627968      1        0.643163            
11642.554547712      -19373.58080064      1        11.581821           
-8332.497651456      28357.215815808      1        0.881592            
-7374.476089728      -13072.99904064      1        2.149211            
22640.401060992      -28099.313611776004  1        2.200504            
-7153.844683392      28023.404073984      1        0.986331            
22184.26790976       -15323.6907648       1        1.229336            
-29251.94348736      10406.29189248       1        1.798732            
-9950.194146816      -20283.748518528002  1        0.871084            
16827.350753664      -28124.247178368     1        1.411464            
-21856.310961408002  2173.963030272       1        1.067946            
26720.945881344      -19941.729122304     1        1.034501            
-30623.230104192004  -25671.573126144     1        2.165983            
-26460.391478400004  -22353.541930368     1        12.147349           
-19605.096200448     31357.142467200003   1        2.20359             
27632.479932288003   1518.80230656        1        31.995204           
-15789.983704704002  28309.43922048       1        2.002904            
-12716.363582208001  19823.196108672      1        34.9244             
-15512.360599296002  16783.373819520002   1        1.859846            
-13253.992304256     -5050.697617152001   1        1.540693            
-6146.451666432      19098.188246015998   1        1.619223            
-12811.03807104      -19005.655794048     1        1.035136            
-24351.944842368     -30730.771298304004  1        1.788336            
7266.2959860480005   -20216.455408512     1        0.566608            
15260.060521728      -21309.850159488     1        0.94757             
7408.389795840001    11375.815435776      1        1.65484             
-6946.913622528001   -13317.522767999999  1        1.418059            
-8178.093969408      -14175.25483968      1        0.4109              
29983.155371136003   -27499.461213312     1        30.859095           
-16601.781879936     -23818.550304384     1        1.885574            
-6999.186724992      15561.82539648       1        1.875017            
-27999.307366272     25630.555775615998   1        1.383601            
-18219.096960768     -5124.339589248      1        0.773891            
-21959.526238848     23804.294735232      1        2.026622            
4778.176132224       8382.648029184       1        1.291073            
-19646.573823360002  10142.138996352      1        1.774794            
1181.112045696       -25981.223786496     1        1.130165            
-3578.6902060800003  8215.895850624       1        1.706954            
13959.704132352      -10065.605033087999  1        0.657939            
-22785.098789376     -20644.886921472     1        0.413555            
28172.525889024      -4657.8245598720005  1        1.624136            
25633.77607296       -11807.830957824     1        1.207356            
5899.2338972160005   -8775.154156032      1        0.388406            
-22934.370273408     19509.575196672      1        0.935604            
18106.907981184002   27103.647884544      1        1.96227             
10091.85021504       27535.58615808       1        0.424245            
-10851.666579072     -19040.374172159998  1        1.362558            
-20404.524957696     -21079.297147392     1        1.433361            
-5225.68480896       -739.152387072       1        1.144448            
-15402.073864319998  20071.656291456      1        1.865598            
-3919.047149952      12732.469896960001   1        1.87731             
-26134.912919807997  -16351.664072832002  1        0.782251            
-31787.823843071998  -17875.305676800002  1        21.77943            
-24333.834894336     -21592.661789952002  1        10.776685           
9743.914870272       12813.160795776      1        1.891027            
25560.066508416003   -8698.821360768      1        1.830671            
-258.97563648000005  -13347.656125056     1        1.147594            
-30007.775115648     28355.089872384004   1        0.827253            
-18497.531175552     5557.278874752       1        0.767995            
-16273.240739712     16617.181692672002   1        1.692351            
-22.445520767999998  20967.616720512      1        2.015932            
-26150.7536928       18558.122977152      1        0.309974            
-15768.862674048001  -21820.248781056     1        1.895057            
-16451.081298432     10783.340270208      1        2.161167            
-16012.258251264     16591.099054464      1        1.72124             
-12631.047428736001  -3240.867979008      1        1.410129            
-22080.518330112     19410.816192768      1        16.69277            
29699.99290368       -21163.990484736     1        1.331284            
-4186.093646592      -3811.6186099200004  1        25.005814           
-21717.34088832      30835.203239808      1        30.407936           
-29674.628032896002  -2582.467645824      1        0.339027            
10303.820131968001   -14014.069382016     1        0.343215            
-31643.554200192004  5218.39448064        1        1.874458            
-7290.371772287999   29681.826628608003   1        1.838385            
272.199616128        -12487.698330624002  1        2.125636            
26496.574359552      -2613.1079462400003  1        0.371045            
6075.302568192001    278.4969792          1        0.669278            
14288.604156288      -11727.63573696      1        0.524678            
-15621.931176192     30289.896337536004   1        1.264478            
-648.3886041600001   3011.995122048       1        1.892333            
19855.291256064      -23498.789745024     1        35.998636           
-20875.853534976     20627.811781632      1        0.331183            
23150.350675584003   19346.580836352      1        0.593836            
-10147.551220224     -23497.415365248     1        1.618459            
-16518.512812032     29796.645276288      1        1.869686            
28926.724033152004   16939.831024512      1        52.108419           
25827.740649216      -20669.75450496      1        1.058891            
1514.669511168       -13357.014460416     1        0.806796            
11095.160326272      -4648.635205632      1        17.996902           
3665.985852672       -12720.020011776     1        0.379905            
-26690.991161472     21976.58206656       1        3.80038             
9012.155809536       22122.259885440002   1        2.003948            
-4505.717411712      -23221.206873216     1        1.779697            
13406.75284608       27419.706952704      1        0.390472            
21564.343772928      28896.281682048004   1        0.624967            
16564.890887424      18809.576539776      1        0.914654            
-9506.058655104      -6977.093650560001   1        1.261622            
-18712.088917632     -20804.604657408     1        0.80229             
24775.780068864      13843.915050239999   1        0.720056            
15135.664667904      24549.068560896      1        2.044184            
29124.739328256      -5276.4982364160005  1        14.703643           
-31208.389191936003  -7084.900386432      1        0.891949            
2347.181553024       -11767.906351872     1        1.840471            
23932.229536512      -29977.738319232     1        34.019325           
12548.050339968      -5290.377219072      1        0.417894            
23524.72271424       -5155.185885696      1        0.632056            
10967.539347072      32074.855173504002   1        2.261944            
-6288.2139513600005  -26285.655344256     1        0.759028            
23397.819502464      13082.468420735999   1        0.950357            
-30605.482258560005  -166.88092608        1        1.242707            
2219.467231872       19183.185749376      1        1.281394            
-11266.660069632     24925.251111552003   1        33.340695           
28838.955239423998   14735.54795328       1        1.128574            
2021.8381793280003   27442.334329344      1        0.394702            
15148.138693247998   -729.251702784       1        1.582579            
-4230.295888896      1853.3092849920001   1        2.010777            
-7217.56183104       -4972.234050432      1        1.649631            
-20496.706572672     -6197.329467648      1        0.900042            
29453.61843072       26207.365586688      1        1.496353            
24509.908393344      -26555.72097024      1        1.350537            
27842.249875968      20560.217724288003   1        2.008511            
-18852.541196544     1042.627994496       1        0.985581            
22039.850207232      19462.645116288      1        1.868977            
17025.123037824      -19400.323269888002  1        0.902454            
13041.816391296      -28826.122330368     1        0.652892            
156.3880032          -31386.041457408002  1        59.353124           
