trucks_count 15
drones_count 15
customers 1000
depot 0 0
Coordinate X         Coordinate Y         Dronable Demand
-5268.845805696001   18548.511974784      1        7.132257            
8736.253092863999    4840.816628736       1        0.474145            
-2540.589296256      23236.001572608      1        0.559836            
-10051.373604096     17739.882597888      1        1.500556            
14753.395578239999   229.18346035200003   1        2.248738            
19060.74042048       -22930.366225536003  1        0.753573            
-2399.07324096       15050.92305024       1        0.218973            
22360.660058880003   20743.62339456       1        0.794689            
10311.929616384      -14411.025345024002  1        0.24199             
22568.516492544      -651.665228544       1        1.698207            
-21792.172165632     -6102.460248192      1        38.315987           
-514.940190336       21782.920046976      1        16.596414           
7898.969346047999    11916.89459136       1        36.10891            
-6061.140340992      -10776.206048256001  1        0.40906             
17486.327232000003   -12384.695486592     1        27.687951           
6991.315423488       -14091.411235968002  1        37.436058           
-4148.307858816001   7124.269768704       1        58.338891           
7698.791092608001    6212.829059712       1        1.148266            
22072.914179712      -23219.291753856     1        2.131435            
19578.284529408      3979.284895872       1        1.58423             
-13323.792772224     -9166.894235136      1        0.613473            
15281.463187584002   23583.87415296       1        0.600891            
23286.317712768003   18792.884423808002   1        1.609787            
2002.9525274880002   -23651.254167552     1        1.222701            
-12745.101638016     3213.4544133120003   1        15.458383           
-13950.942863616     23979.561952896      1        11.401002           
9737.057455488       23044.167767808      1        1.67781             
-6567.948516095999   2554.328265984       1        0.525691            
7785.452657664       -16664.671824768     1        56.019908           
-17084.559330432     9594.529122816       1        0.363633            
-19718.550124416     -2908.2503704319997  1        38.39014            
3839.0128634879998   4759.37738496        1        0.474769            
-6996.183689088      -23293.1622528       1        0.764732            
14327.304051456      -15248.330013312001  1        1.726164            
12421.736148096      7871.634638208       1        1.859697            
6543.735935616       23231.585532672      1        1.922687            
3400.260627456       20658.856027392      1        0.711552            
1240.213594752       1453.347067392       1        15.474557           
6744.611035008001    22765.035097728      1        1.735968            
-15223.164701184001  18507.486577536      1        1.893153            
-20213.148206592     7455.427702272001    1        0.695431            
8828.9818848         21675.827859840003   1        0.880699            
5756.615441280001    10367.286221952      1        19.056336           
-4108.988366208      10355.254766208      1        0.974482            
-7978.697857152      10427.467640832      1        1.459328            
18145.125073152      23968.578180096      1        1.822337            
4460.20033536        -12392.12582784      1        2.174103            
-19756.263491712     18848.867064192      1        1.867426            
5692.5699874560005   -58.940614655999994  1        1.872315            
9693.016147584       -18448.4735424       1        0.663628            
-6768.40196736       -16574.091507072     1        1.667298            
23975.541811584      4912.306907904001    1        44.616853           
-19082.24930304      7820.863053696       1        18.679501           
-20516.015481984     -12608.518222080002  1        1.706552            
-19982.028705408     -20853.612400896     1        2.027863            
-13050.86251392      -21851.613286272     1        1.695327            
12276.072813312001   9267.269020416       1        0.912985            
13708.596578688      22394.250286848      1        0.971061            
19992.763029888      -8732.841283584      1        1.761186            
-3912.724037376      16903.593425664      1        1.767803            
14533.491595391999   5990.0073361919995   1        0.722614            
-7566.5722176        1114.70407488        1        33.881098           
16772.174394624002   18070.116768         1        1.800098            
7186.546553472       -21770.491083264     1        0.46601             
-16113.83038848      3080.997355392       1        2.204876            
-16190.291931264     19368.649770624      1        1.7674              
-22911.794395776     14958.504861696001   1        2.267981            
17004.44135808       7766.3883686399995   1        37.009773           
-17136.6570144       -14247.388856448     1        2.021393            
22202.419700736      -2435.700301056      1        1.480479            
4433.277619584       20985.295364352      1        0.245817            
-20475.735211008     -22586.034201984003  1        2.085634            
-20897.203092480002  -22182.24013632      1        1.342098            
-15307.858038528002  4829.865042816       1        0.649705            
-581.484955392       16358.127198336002   1        1.110963            
9618.423053184       -1738.10761344       1        2.140244            
10347.806722176      24075.807161472      1        0.61863             
-22295.983742208     -14399.655329664     1        38.218933           
-13853.469725568002  13524.281629056      1        1.41525             
886.6938263039999    -550.81407744        1        58.115562           
23462.1836064        -5545.7189568        1        0.438148            
18318.137599872      5400.956854656       1        2.157483            
14322.361756032      -16929.502254720002  1        1.314985            
-2135.924575488      1864.4942257920002   1        0.699135            
3435.971970816       -16060.149110016002  1        1.251129            
-13920.97848768      -21592.309343616     1        2.021283            
9822.23681472        478.47889267200003   1        0.901767            
-16140.997724544     1433.762960256       1        0.391544            
14082.680544768      -19012.37963328      1        1.198969            
20213.201314944      -1138.042781568      1        1.01804             
-3147.4809653760003  7431.578833536       1        10.403951           
6564.755577600001    -7526.803718016      1        1.74455             
-2868.86489472       -13981.31279424      1        47.704893           
15272.077493376002   -10536.637491072     1        0.933628            
-3242.939204736      -21765.941467776003  1        1.408226            
-18801.689144832002  8657.314769664       1        2.108007            
-10830.679123968     23664.001781376002   1        1.55037             
525.098369664        -1369.305514368      1        1.259936            
4296.93238656        17575.652261376      1        2.207289            
-6203.098965888      -16403.307921792002  1        0.619443            
7637.550725376       -13761.790225920002  1        0.612674            
2899.9944357120003   -7591.406004864      1        0.289606            
11570.798726784      -2155.481323776      1        1.09493             
4120.807388544       -20784.988363392     1        54.066242           
7682.1730064640005   13834.640400768      1        2.151736            
-23064.097883904     9607.988066688       1        1.947297            
-22005.09159552      -16936.8167232       1        1.165096            
16865.163900288      1444.90123008        1        0.593291            
-15524.741282688     12849.063651072      1        2.198096            
6134.817718656001    15956.726227200003   1        14.198342           
11830.039905024      -1720.184349312      1        1.931208            
-21646.510440192003  14029.808766336002   1        2.048952            
-5115.253233024      -13382.952257664     1        20.693072           
-6761.338556544      22626.1293984        1        26.959265           
-8051.118337152      -2692.889565696      1        0.793207            
-9758.624274432      21425.827534848002   1        0.728437            
-12460.138314624     -23046.840888192     1        0.56826             
9726.397160832       -2779.789313664      1        2.139089            
23763.47694336       -16484.531513472     1        1.911256            
7701.7410201600005   18670.2813792        1        2.070987            
12012.975646848      -14545.5729408       1        1.954441            
-5071.0477720320005  -5728.715853696      1        1.247853            
-9709.624577663999   -1351.713775104      1        0.554328            
-1943.5806086399998  -24126.786351360002  1        2.195143            
-3215.190895488      -12101.899949568     1        1.229373            
-11691.190532736     16380.696638592      1        1.929543            
-20505.4163424       -13735.326173184001  1        1.752673            
6372.97809984        12079.032780672002   1        22.782071           
-14746.414243968002  -11239.682636160001  1        1.373423            
3494.7677445120003   -21288.843392256003  1        0.312737            
-13612.835782656     -15262.794797183999  1        2.130279            
-8940.861870336      3886.4434498560004   1        29.640089           
-19416.708001152     4595.591227392       1        1.737858            
-18121.998799872003  -14361.776199936001  1        2.237293            
9936.674047872       8725.560611328001    1        0.66128             
-9622.214667648      -11714.722360704     1        0.430463            
11461.61117376       -12703.578953472     1        1.53238             
5223.613583232001    -18179.78551488      1        0.896784            
14700.9148704        -8682.970931712001   1        1.809805            
3811.877714304       -630.558681984       1        1.026766            
-15973.160848128     -19226.948640768     1        0.959196            
-19753.759352448     -20207.79230976      1        23.052799           
21403.872864         -6816.5921640960005  1        2.069242            
1572.097342464       1718.225777664       1        33.806168           
-22748.9223456       -23111.607328128     1        0.44578             
10936.356697728      -18563.644636416     1        1.306993            
-13544.869966848     686.4898233600001    1        2.085865            
-438.681424896       5999.080817664       1        1.127798            
-21776.519685888     14703.948483839999   1        2.211573            
14765.604061824      5013.784093824001    1        0.60065             
4017.0722929920003   12682.995443712001   1        0.702194            
-4085.6850650880006  9698.378481792       1        1.498941            
369.35249472         -14239.763784576     1        8.763613            
4508.675385984       -11874.095697024     1        1.325375            
23861.4618528        23872.444016256      1        1.204156            
-6075.2736           -14385.87773568      1        1.439749            
22404.830114304      -20152.18142784      1        1.689844            
-22677.142384512     9977.285843712       1        0.587065            
-20987.360152704     7996.790102400001    1        0.773873            
-15976.741638528     -15865.828868736     1        55.665183           
-12374.653180032     -1333.16447616       1        1.01455             
13423.918109184      -22510.089258624     1        3.588361            
-13587.575519232001  16526.931290496      1        1.182181            
-12464.604244224001  782.276368896        1        15.63984            
7532.447687424       21963.462694272002   1        52.03091            
15773.291588736001   5884.841533824       1        0.820793            
9924.520281984       -8461.52036928       1        33.098023           
-11602.99204416      -2041.2806641920001  1        2.24725             
16283.453636736001   3340.1339262720003   1        1.257787            
22875.856134912      -5979.720409344      1        28.037362           
-7003.428955775999   -4165.52140224       1        0.993404            
18593.462562048      -13850.658201600001  1        0.408972            
-18105.369448319998  -13565.073671424     1        0.496168            
7469.1264384         9273.408667775999    1        1.947157            
-5308.1443768320005  -7592.397360768001   1        18.576901           
-11617.794790271999  -13689.879907968     1        0.990023            
-8568.129753216      13466.018548224      1        30.554388           
17967.831691392      6464.63024064        1        0.575607            
-14626.757908224     21532.325874048      1        2.107052            
-22768.6770432       -6451.396604928001   1        1.621165            
-3880.4116285440005  7486.919345664       1        0.684436            
-24037.622256384002  -21726.882688896     1        0.478537            
-2642.1051064320004  2058.128886528       1        1.430644            
4510.558318464       4014.519873408       1        41.980573           
-13242.94576704      22666.430590848002   1        1.295926            
7953.226769664001    -4837.874747904      1        0.766673            
11332.543394304      3045.187842048       1        23.959416           
11031.431913216      -9888.569146368001   1        1.406665            
-21635.9402688       11426.381024256001   1        1.364317            
-15776.870769792     -12842.864457984     1        1.093315            
-12046.643123328     -6703.114099968      1        1.622444            
-6769.11007872       970.001518464        1        0.382647            
8255.430995327999    8027.9936732159995   1        1.330451            
-10865.062758528     17269.279834752      1        24.806503           
-22683.55883904      14516.115508223998   1        22.983396           
10897.29470016       22298.94171648       1        2.037241            
-17368.553828736003  7650.691019136       1        1.487517            
1471.4988583680001   -10776.362154624     1        1.353349            
-13031.025739776     17036.615363328      1        0.553383            
18645.748539264      -8009.997988608      1        0.784103            
22509.909012096003   11038.958815104      1        1.890811            
13399.074665856      -14611.169802240001  1        1.751839            
-6615.066889728      -9538.198864128      1        0.742626            
13826.012707584001   -16150.151673216002  1        0.35658             
14811.467147136002   -768.7466138880001   1        1.769539            
-11016.556746624     -13721.947696512     1        0.386675            
-10853.10211392      -18541.955507328003  1        1.941053            
3129.2052549120003   20130.847963776003   1        0.901829            
-20279.388805632     12246.513992064001   1        0.622516            
21232.122062976      -18760.749042816     1        1.477134            
18077.209147008      -11704.549697280001  1        7.859145            
17954.025129216003   7708.6499339520005   1        2.173389            
-2951.007421824      -20948.9113152       1        1.128418            
-9670.107135744001   11390.02755264       1        0.727419            
1942.5989088         3680.494088832       1        2.205615            
-5107.391587584      -2720.8969793280003  1        0.826863            
-9292.476175488      10431.378346752      1        0.346368            
9008.381897856       -4877.290801152      1        0.311029            
-22838.094487296003  -18938.837440512     1        0.40373             
22575.184004736002   -9477.95789952       1        5.90741             
-8406.173419776      -19069.239366144     1        2.032127            
2995.901682048       2660.338973952       1        1.883684            
2931.2543335679998   5818.097210112       1        1.704595            
-21149.899068672     15072.621835392001   1        0.554345            
-20804.316584832002  -1368.018039168      1        0.663041            
-10195.541858304001  5188.409183232       1        2.018158            
-21203.194104576     6291.548512128001    1        0.656775            
-17976.189014784002  15599.569341312      1        1.253009            
14168.653310592      9830.008336896       1        0.965464            
9755.704924416       -14764.931356032     1        5.870546            
7419.183666048       2851.5403065600003   1        1.283075            
21110.508764928      20796.496782336002   1        0.352479            
13850.492439168      12275.237563776001   1        1.642637            
-6142.849954560001   -2265.056728704      1        1.514136            
12302.142576768001   -16952.824867968     1        1.828759            
5574.482762112       4470.023771136       1        1.736317            
-2597.75480448       15954.214041216      1        1.282615            
-11769.507649152001  23817.547683072      1        0.355287            
23974.436192256002   22119.670450944002   1        16.847602           
17624.672879616      -13901.692109184001  1        12.644629           
16844.187710592      17472.940708608      1        0.356618            
910.101734784        -14343.040217088     1        1.625539            
-37.145268864        -3313.42203456       1        1.546579            
12475.182462335999   -15093.778271616     1        0.653193            
18890.177315328      17256.437269632      1        0.994131            
-14702.197517568     -23241.732446592003  1        0.592569            
-23586.849830016     -17299.342380672002  1        53.327039           
-11825.107265664     20919.746783232      1        1.380646            
-20167.642395648     19759.86359424       1        1.262139            
-820.7927988480001   -11746.873835136     1        1.844208            
-1651.50076608       6707.137459967999    1        1.976973            
-5407.545508992001   -1190.517052032      1        0.551699            
-19639.62145728      1109.137353984       1        28.856325           
-21155.497976448     -13995.766312704001  1        1.129134            
14641.942068864002   -12797.02873152      1        0.908672            
12349.988373888      1760.3487475200002   1        0.411287            
-9020.012626944      141.182921088        1        1.182236            
-11648.489808384     18086.514374016      1        23.749915           
-19529.242989696002  442.823876352        1        0.227034            
-12502.391641344     15496.410390912      1        1.00313             
15044.482455551999   -9387.522422783999   1        1.270914            
22517.268542208      23283.173054592      1        1.546981            
19037.009033856      -10819.437856128001  1        55.945748           
23054.087764224      14672.017489536      1        1.581872            
2655.448177536       3513.9125007360003   1        7.391449            
-21489.462605952     -22933.240513920002  1        2.13248             
21056.384916864      -17878.583910528     1        1.065427            
21402.792994176      19402.764644736002   1        1.274179            
-15351.670819584     21402.363299328      1        0.242072            
5786.587863936001    9638.728146432       1        0.306633            
-22704.361219584003  1349.465521536       1        1.515283            
-1670.584367232      1350.566312832       1        2.227133            
-10478.530516608     13076.743984128001   1        57.727434           
9003.713190912       -17671.590085248     1        0.271599            
11824.635727872      -16937.502303744     1        1.492852            
1109.575095552       -11242.067683968     1        12.809266           
7896.016199808       -3587.7540314880002  1        1.924433            
23341.733864064      -8518.977168768      1        1.081078            
-11497.591277568     -13044.83552064      1        1.647275            
-5869.873025280001   -15730.775938944002  1        0.999482            
14260.899299328      5159.7805628159995   1        1.355798            
-9545.531035392001   -15835.026024576002  1        2.25598             
-14537.555188992     13180.498391808002   1        26.138874           
21091.001906303998   4625.8983936         1        59.295847           
-14554.453300992001  -7551.635895936      1        1.057653            
-522.269142912       -22405.412696832     1        0.493655            
22425.941488896002   -4619.5414848        1        1.430012            
-23021.010916992003  -21304.647150336     1        1.794354            
15885.083060352      14922.941577984      1        0.250331            
-13030.079445504     -9050.55636672       1        1.707212            
-16108.188028416002  -16238.496612096002  1        21.689305           
10052.07527808       -15177.732920064     1        0.39111             
2336.3216997120003   -735.972323328       1        0.829346            
22162.150695168002   -943.9832540159999   1        0.484928            
-23983.049401344     -9094.446396288      1        2.253351            
-24031.785165696     -4565.535118848001   1        2.062405            
-9901.326416256      -6972.589096704      1        0.339131            
2981.705658624       -12950.336450304     1        1.545599            
-12767.012856576     12244.944881664      1        57.044471           
11628.195980544      6750.214770816       1        0.205954            
15072.499525248      3610.7016675840005   1        2.215379            
9968.102926848       3979.201209984       1        35.526911           
-5361.5021771520005  -8256.786062976      1        1.421439            
3785.2656019200003   -8618.944790016001   1        28.661133           
-1269.6163096320001  -22137.519685248     1        2.173237            
-20744.754763392     -20839.385799936     1        1.326422            
6132.806038656       4162.396056192       1        16.133964           
-3314.892974976      -6464.895782400001   1        1.446549            
13926.245870592002   -2377.784838528      1        42.512592           
19947.958892928      4549.230854784       1        58.983265           
18897.121634688      19272.404562048003   1        0.327752            
272.521484928        -7190.056532736      1        35.698363           
4269.739300992001    14347.887561216      1        0.270344            
10449.773148672      16306.050435840001   1        1.539689            
977.1968954880001    -19809.642213504     1        58.324436           
-18058.11106176      -7062.071841792001   1        2.030541            
3832.401678336       12077.729212032      1        0.793133            
-2503.653242112      -11201.005271808     1        1.124653            
5687.886796416       4584.077980416       1        1.919613            
-3604.652143488      12297.11015808       1        47.626668           
-6300.906847488      -14898.463455744     1        55.934063           
399.31848            -1750.0264151039999  1        1.28443             
-11443.309713792     -13857.451242624     1        1.123099            
-9860.503796352      9028.846316160001    1        0.230246            
4835.134035072       -12246.291902592     1        1.948689            
2131.8706379520004   13626.083902464      1        1.711829            
328.31422272         5550.32972736        1        4.482113            
18632.33304768       -1080.830602368      1        9.172547            
14824.050607872001   23552.714034432      1        1.467978            
19652.237104896      20201.441838336      1        1.031991            
1299.0689141760001   -3570.429443328      1        0.271963            
3094.263177984       2717.171347968       1        1.656227            
18532.268865792      9806.584334976       1        35.536231           
-321.96053260800005  3927.70863936        1        0.961472            
-6074.771484672      -6897.880129536001   1        11.30842            
5680.425877632       16405.279368192      1        2.176612            
3322.16077248        -9236.92644864       1        0.805906            
-14181.108023808     -20754.051943680002  1        1.132132            
-19098.637252992     12982.1354784        1        1.398423            
-14966.965183104001  8813.112143616       1        0.214882            
-7379.43769728       -16036.681655808     1        0.588285            
-4343.12860608       -8163.205928064001   1        8.348888            
-15292.141185024     -14269.55435136      1        0.276153            
-170.054552448       -8738.002449792      1        49.730597           
3005.0250531839997   -6720.187630464      1        2.101048            
-2921.202370944      7003.406424960001    1        2.149463            
778.145182848        5318.992964736       1        1.011396            
-17274.817587456     -2729.955976704      1        2.01685             
-23425.920258048     -14247.945689472     1        1.600694            
23731.245001728003   7189.911691775999    1        0.516606            
-9219.748310784      21633.136791552002   1        1.290063            
-16240.937986944002  13207.718836224001   1        0.75468             
-18210.14578944      12987.155022336001   1        0.631212            
-7042.661543808001   16690.336033536      1        22.310812           
20336.441659776      20581.089306624002   1        0.227321            
297.93785472         7893.698744448001    1        5.967538            
-9133.130198016      18762.245732736003   1        0.346329            
9762.435201024       7419.465301248001    1        0.725035            
-12927.108788352001  -12666.803833728     1        1.35599             
-23570.96721408      -6723.555987456      1        1.809872            
-4248.291573504      -1254.4868666880002  1        0.523929            
14024.45126016       20696.105903616      1        0.561462            
20311.831571328003   -14814.483057792     1        2.132841            
14413.988147328      -20682.368543232     1        51.523216           
14989.784071680002   -13105.900469376002  1        0.337769            
-11016.366844032     16752.669145344      1        2.253314            
13849.110012672      790.825204224        1        1.732807            
-14027.121161856001  -151.66779724800003  1        1.118742            
21626.177988096002   16153.515202176      1        0.477603            
-7970.839430399999   17573.680814976      1        59.082789           
19203.774087168      -2312.6756083200003  1        1.823105            
-12683.835521280002  20199.666731904003   1        1.241742            
-22974.716527488     -16825.659333120002  1        1.637576            
-1496.891088         9808.584749568001    1        0.241074            
-12346.618407552001  -12963.74067648      1        0.731961            
9110.338668288001    -14022.586030464001  1        42.2783             
-12646.997637120001  883.005209856        1        49.212353           
-21922.493624064     -18254.425280256     1        1.142876            
-23252.81599872      -442.84640716800004  1        1.355946            
-9569.315530368      16223.577993216      1        1.330087            
-11642.01863616      -16472.129908608     1        0.820609            
866.927863296        -12194.247326976001  1        42.364608           
18155.651792256      -20251.7434944       1        1.718666            
-5622.946547328      22701.316340736      1        1.019839            
15856.422253056      7735.382747136       1        1.927132            
16309.821128832002   -11625.85277568      1        0.987123            
18588.93708672       -1997.136358272      1        0.70395             
-22264.448646528     -2713.2992663040004  1        1.288346            
7538.434447104       -17380.107309312     1        1.763731            
-11037.03403968      -6805.349286912      1        57.676351           
-1512.6819713280001  -4551.736603392      1        2.151217            
4679.62634304        7908.052483584       1        0.45371             
-9579.164715648001   22936.332063744      1        1.788079            
18258.23298816       5123.356280064       1        2.012247            
-7904.796780672001   -250.08079219200002  1        1.858153            
-1058.60234304       -2971.088816256      1        0.949603            
21797.365518720002   -2311.141903488      1        1.937369            
-4201.496678016      6948.1495987200005   1        0.930218            
-23910.451893504     6962.101001856001    1        1.670851            
14466.882456576002   21117.689657856      1        9.861598            
20654.975899008      -12822.284166912     1        0.460777            
-15874.440468480001  -8117.251110144      1        0.856952            
336.68924889600004   1905.899428224       1        51.02115            
-5422.135821696      22189.113644544      1        0.788677            
5663.904352128       1662.751689984       1        0.372773            
-13174.209075456     8977.062454272       1        1.005732            
-347.19987456        -3984.2722529280004  1        2.058796            
17336.967234048      15224.688749952002   1        1.485206            
5495.800324608       17865.284291712      1        2.07307             
21599.895791232      23435.077425408002   1        0.734196            
-9910.063544832      -13592.540345472002  1        7.099697            
-13087.801786752001  16237.271901312      1        0.567771            
-8459.128884096      -21800.337977088     1        0.334589            
-19144.004660352002  14767.171562880001   1        1.011176            
-11443.475476224     -18422.931643776     1        1.617323            
21950.975794176      6246.795874176       1        1.973033            
20977.572122496003   4913.95487616        1        0.451596            
-14047.151057280002  18258.229769472      1        0.56748             
20903.965555968      -20351.791582848     1        0.473602            
1027.1493239039999   -19894.818354048     1        0.911529            
-23585.666962176     -18908.937438336     1        51.670978           
17826.969029760003   -7377.339112704      1        1.331412            
9311.987862144       597.311244288        1        1.675882            
-5569.4857489920005  22111.531998336      1        0.544518            
2355.973399296       20222.723803392      1        49.688361           
3696.9480218880003   15103.226730240001   1        42.897036           
-13090.819306752002  -11363.713168896     1        2.046776            
-13838.1053184       -5125.316461056001   1        1.587421            
-6648.755287679999   -6118.79026176       1        1.524445            
1965.1699584000003   18430.654885632      1        1.350706            
10766.413190016001   -174.005491968       1        0.978239            
-16262.588491776001  6868.033235712       1        16.616087           
7165.069857792001    19908.760101120002   1        0.805902            
-21593.997545472     5217.0748185600005   1        0.414013            
-21319.877981952     -12105.268306560001  1        19.832037           
-12329.789497344     -6728.132961792      1        8.664694            
18184.360879872      9453.355857792001    1        1.985036            
13917.772674432003   4094.634627072       1        1.651031            
12136.360832639999   8428.507895808       1        2.132333            
-10516.358147328001  -20441.401466112     1        0.415309            
14960.399059584      -12578.663281536     1        8.008177            
16694.613669888      2016.1700697600002   1        2.198901            
-20743.101967104     -9339.491551104      1        0.283352            
-16473.689362944002  18143.745865344      1        0.546419            
7505.497612800001    5431.795104384       1        1.784711            
1502.100534528       -7207.49538432       1        0.426227            
2408.122582272       14073.772825728      1        1.138756            
21423.366847872003   4598.732666880001    1        2.023114            
-16816.215702528     -8046.000623232      1        0.543287            
-6845.9884415999995  8104.448778624001    1        0.25876             
14185.733278464      17210.451874176      1        1.450585            
18273.050218368      -16892.342501760002  1        1.735859            
440.85242995199997   21616.599172608      1        1.826911            
-12289.346682624     4576.835932416       1        1.521875            
7262.861645952001    -23548.359149568     1        1.544204            
5438.871389952       13707.143341056002   1        29.630195           
-4847.3650494720005  -20964.348142848     1        1.843232            
-10657.045390464     -20936.667426048     1        26.948657           
12629.225651328      -1448.276024448      1        2.019748            
-4569.6920544        -13477.575247488001  1        1.662028            
-22012.35778368      -2693.544568704      1        2.011763            
-11916.852748416     -15704.384306688002  1        0.252733            
21712.065458688      300.194155008        1        1.91282             
10766.1492576        4084.701755904       1        1.927155            
19679.41248768       -4930.412027904001   1        1.453367            
-12277.849529088     4263.157084032       1        1.605313            
-19924.958148480004  -9541.625157504      1        21.108675           
16668.012822912002   -7899.246153216      1        1.817843            
-4035.4172052480003  110.936909952        1        1.450401            
417.792139776        -19310.83247808      1        1.646239            
14466.222625536      -21952.992302208     1        0.553579            
13692.367953792002   -2120.339688192      1        0.220315            
10844.284518144      -6499.644738048      1        1.40271             
-23531.427241344     19096.22645568       1        2.03153             
22851.080284032      -1570.217628672      1        1.314959            
18968.953094784      6581.827498752       1        1.590638            
-14672.466496512001  4566.431523456       1        51.414685           
276.210101376        -468.589473792       1        1.923528            
-18621.52630272      12049.601097600002   1        1.241576            
5604.960518784       -14778.795854592001  1        35.125009           
23942.041706879998   10846.151357184      1        2.241499            
17442.631933056      22759.970492160002   1        0.213954            
8701.885551744       19634.027377536      1        1.436315            
-15060.567848831999  17130.29205888       1        19.623684           
-14210.744093568     -15763.126972032     1        2.207896            
1446.4381536         8757.362858112001    1        1.296851            
237.336397056        5149.744693632       1        0.753215            
-3196.9023102720002  -3851.218128384      1        1.897212            
-15335.427710592001  18922.991839488      1        4.24803             
-2429.0360075520002  18254.130770304      1        2.024922            
2141.291737728       -6809.150557440001   1        1.961893            
-5123.979096192      22945.373358336      1        2.195536            
2620.686347136       -23617.83935808      1        2.048016            
19959.306377472003   725.168797056        1        50.26308            
-13225.667849856001  20186.217444096      1        2.172353            
88.55415359999999    -16966.232312832     1        1.408248            
-11867.796724608     -15441.195407616     1        1.331622            
7178.134512384       7415.496658944001    1        0.765276            
-8430.960536064002   20964.266066304      1        0.210841            
-10674.777142656     -1619.0950152960002  1        1.553661            
6276.903481728       23692.136333184      1        2.031038            
3895.2964512         4765.9467271680005   1        0.44373             
15402.431138688      6696.800643456       1        0.271142            
21071.924742528      1881.6578795520002   1        37.521365           
-13590.396699264     13624.942877567999   1        1.919898            
16779.45506688       6884.191049472       1        53.698589           
-9319.962161664      -23470.37516736      1        0.4887              
-8632.89136512       11750.586591744      1        0.276751            
22648.616762112      -8069.793164928001   1        1.495422            
20677.913879040003   3120.894602496       1        0.887856            
-1710.4027564799999  -5406.061693824      1        56.692738           
-14459.814217728     1364.817053952       1        0.824379            
-5825.7657342719995  -16372.691761536002  1        0.801799            
-5714.046683136      -2718.1900627200002  1        0.204399            
23422.365217152      -16655.595124608     1        0.375494            
-16893.953455103998  21193.718287104002   1        1.793631            
-6617.899335168      13735.611027072      1        0.54147             
-297.139620096       -3567.540670848      1        1.398063            
-9653.036823936      1376.397893376       1        2.002618            
-1912.764889728      -14727.583309824002  1        1.416656            
-20390.007065472     -4824.694220544      1        54.34527            
4083.800523264       -11658.929622912001  1        0.265944            
-8792.124688512      -3474.953501184      1        2.16358             
7429.81016448        7324.473771648       1        1.736355            
11197.989361152      13624.503526655999   1        0.983039            
10394.617711104002   10849.89951936       1        30.531841           
-20967.388193664     15589.116652032002   1        0.610537            
-13364.7570144       -9760.81620096       1        31.379513           
12079.307978496001   15535.774945152      1        1.53333             
20146.460209920002   3824.345302272       1        1.032286            
23952.869373312      2029.403705472       1        19.445867           
18792.361387008      23222.97071424       1        1.84093             
-17069.677726464     1029.3991868159999   1        1.396864            
9476.577082368001    -21095.889484032     1        0.804258            
990.263159424        1500.565220352       1        1.796498            
-9701.246332800001   -23295.997916928     1        34.144663           
-8743.229599104001   2110.3199124479997   1        0.243893            
13764.852807552003   9943.869424896       1        0.765722            
12581.222138496001   -9757.554060672      1        0.240894            
13168.396124928      11472.191001216      1        1.315048            
20640.654346752      1516.2289655040001   1        0.615851            
-10783.54626624      -23520.07171008      1        1.650236            
621.131144832        -1975.4263077120002  1        2.071063            
-16113.730609152     -21443.330760192002  1        0.525048            
15417.266071680002   -9904.875019776      1        0.858981            
-3682.7342956800003  19157.415323904002   1        0.82908             
-22034.869287552003  -21922.849289088     1        2.113076            
-14465.883053952     -2066.8499216640002  1        0.910279            
1654.5343795200001   6290.09688384        1        40.923718           
1776.4325314559999   -1762.3218032640002  1        1.637184            
-610.797547008       14805.98089344       1        2.057329            
11903.018827392001   -18540.016247808002  1        0.225694            
13069.366751231999   12260.508847488      1        0.69375             
-15702.284112768     10719.352752768      1        1.115036            
-10250.20966464      -22945.263922944003  1        2.086649            
18132.787842048      6744.173293440001    1        1.140622            
-5241.779858304      -3149.983495296      1        2.025082            
15203.096181504001   -13877.857724544     1        1.137541            
-455.48458560000006  4972.753868544       1        17.65246            
-5834.921292288001   -7039.9240496639995  1        2.03092             
-4061.599622784      -4331.721575808      1        1.702726            
-11826.311054976     -14158.242464256     1        0.516543            
-19076.732471808     -7784.046091008001   1        1.981286            
12458.537017344      -10142.882513280001  1        2.009591            
6744.894279552       3111.270725376       1        0.254964            
5985.541406592       -1132.7399930880001  1        1.652801            
-9272.1549888        -17557.247803392     1        1.483682            
-4940.70217344       -10236.874640256001  1        1.209028            
3228.564544128       -8688.83216256       1        32.814464           
-21460.803408        3561.7245016320003   1        2.066532            
-23745.115937664003  -4659.298718976      1        1.725372            
20575.271528064      -18251.124515712003  1        0.850698            
7443.563618304001    -21787.474490496003  1        1.317055            
-18410.676489216     3783.1139089920002   1        24.71446            
3881.172848256       4980.625170048       1        1.806124            
-7951.002656256      -17090.980612992     1        6.748173            
13419.498850560001   -974.945423232       1        1.903417            
16081.394060159999   -18751.00607424      1        49.312153           
17309.936692224      13346.748455039999   1        1.973039            
20694.297000960003   21543.654046464002   1        0.684467            
-2562.49407744       6707.575201536001    1        1.401151            
-12944.632935168     -5341.049024256      1        0.481846            
21570.476982912      14237.375518080002   1        1.475287            
-20516.744514816     -1583.628292224      1        0.39829             
2490.461449344       6714.001312128       1        1.274794            
19209.513007872      209.026426752        1        1.176626            
23731.920926208      10599.046242048      1        1.757324            
3798.4235984640004   -22034.257736831998  1        0.542114            
-16095.913561728003  23182.759645056      1        50.070758           
-3278.0373880320003  21854.244563712004   1        0.787373            
7825.023207935999    -22988.415263616     1        1.735179            
-15788.041226496     -1443.20337216       1        1.390649            
-12787.128047232001  -9875.255043456002   1        0.570285            
-11776.571059968     -9503.55451584       1        5.922022            
4748.990678784       -10365.433867008     1        0.219376            
-7197.322720896001   5775.415797888       1        53.287719           
-22855.821411456003  8621.70642432        1        43.560531           
-23267.271126528     -19737.661084416002  1        0.900401            
19816.514112384      14290.631929728      1        35.852752           
15495.22269504       13767.097842432      1        0.691503            
17891.331524352      -17139.082295808003  1        2.178344            
-9696.563141760002   3382.7171685120006   1        1.887562            
-20561.835115008     -4698.56832192       1        37.272368           
-1526.903744256      -8093.413506816      1        0.229154            
3487.635131904       20144.274720768      1        1.954441            
7056.431091072       9844.5181824         1        42.890011           
1494.3628085760001   2697.9976235520003   1        1.987687            
2701.1632032         -14854.734360576002  1        37.178208           
16017.921532800001   -4497.475961088      1        0.504915            
21917.770199424      4783.345345152       1        0.432961            
-627.055140096       13586.856142464001   1        2.192102            
6316.758885888       -8870.32593216       1        1.113893            
-7581.8577669119995  22803.887880576      1        34.007452           
-22815.55723392      -12241.977251328     1        1.190338            
4106.22512256        10799.893982592      1        2.005502            
-13430.117302272001  -7130.0795005439995  1        0.796109            
-4899.250300032      -13469.359546368001  1        1.806609            
18470.5215552        4214.987808768       1        0.620674            
8152.914173184       14670.149041152      1        20.46922            
11196.85799232       429.506554752        1        1.442578            
22322.386639872002   511.69897152         1        0.807966            
-10877.243883264     6300.177814656       1        1.894275            
6463.336328064       12876.576996096      1        1.278212            
-17810.532799488003  12623.417528832      1        1.062118            
6015.002057856001    11310.90415488       1        0.779143            
-11555.769063168     -16099.756675200002  1        0.889109            
2502.817992576       -188.214390144       1        0.807684            
-549.713286144       -168.569127936       1        0.626741            
18497.408865408      -1900.894368384      1        1.075333            
20433.118172544      -17338.135617792     1        0.98317             
-18762.049392768     1211.129529984       1        0.578676            
17227.293659136      1048.239777024       1        2.085417            
-9845.907046272      22845.640701312      1        1.138221            
-9299.201624064      23610.510405504      1        43.118483           
-19128.440694528     -23088.693488255998  1        0.410178            
-7359.600923136      10045.827804671999   1        1.077798            
-5304.957875712      22970.973193344      1        59.650026           
21855.176373888004   2515.29201792        1        53.573048           
21450.31853184       -4079.1302069760004  1        6.638583            
-5858.177922432      7910.680542336       1        1.475531            
-5436.141942528      2963.1627970560003   1        1.754492            
-21716.240097024     -13575.515095296001  1        1.69864             
23211.719790336003   -21577.1187456       1        6.431842            
18690.251728896      -6052.668754176      1        0.358138            
-14319.841523328001  -20551.293911808003  1        0.395059            
19134.068570496      -22571.728743168     1        0.753601            
7035.5627274240005   19055.55028608       1        1.754271            
7625.033247744       -15933.249116927998  1        1.628533            
-17449.695343872     17192.153632896      1        1.747631            
-6219.2101086719995  23743.709371008      1        37.704598           
17792.989340544      -3265.573018752      1        0.764913            
952.783147008        17629.3174464        1        2.203498            
-8588.597390208      -3472.0969155840003  1        21.742152           
-12395.188409472     -4626.321651072      1        1.172037            
-15816.689159040001  -9123.890954112001   1        0.577494            
12768.75255744       -11209.82930496      1        2.090168            
-7373.587731840001   -12984.036113664002  1        0.705974            
13939.584113664001   -15296.228918784     1        1.45156             
-22124.970020736     17081.133037056      1        4.014507            
11510.050818816      -10801.52263872      1        1.826828            
-6219.029862144001   349.56078220800003   1        14.168557           
15038.8771104        -2652.248801664      1        0.419918            
-16264.65006144      -498.917561472       1        1.129294            
-5325.974299008      -3070.4947764480003  1        2.042158            
-15116.473240704001  -15943.98826944      1        0.328468            
3607.2979050240006   5248.854534528       1        17.656992           
-12371.9929344       17787.800815488      1        1.518304            
2849.887510272       14091.934272768001   1        2.792664            
3157.27543296        -3570.8108578560004  1        56.808295           
-20818.11992832      13730.725058688      1        1.66574             
-6262.445135232      -9358.525262592      1        1.006681            
27.226881792         -20044.587125376     1        59.404585           
20920.358333952      -1006.229461248      1        2.936492            
-20925.257177088002  15555.708279936001   1        1.264839            
22387.096752768      12651.067668096      1        0.766869            
23665.585375872      -22121.289451008     1        0.550765            
-23953.809230208     10351.640179584      1        2.023626            
-5736.115617408001   -13840.992481536     1        1.148421            
19829.17804032       -845.884081152       1        0.786304            
-2826.070828416      -12890.768191488001  1        1.9914              
18003.451302144      12536.244192384      1        1.833663            
-11903.302071936001  -9892.051766784      1        0.397098            
-4758.326483328      -4284.023838336      1        1.090975            
-12075.002983296     -7837.205942016      1        1.987339            
14977.149111936      -32.497483392        1        31.493543           
13986.959982336      -6920.536474368      1        1.528836            
-12330.376907904001  -3579.256695168      1        1.837824            
585.070573824        5450.870658816       1        12.350126           
18642.253044096      6569.244038016001    1        0.619262            
-18681.001219584003  -19476.749407104     1        0.217301            
-8920.333078272      16923.690913536      1        2.235437            
-1722.9958732799998  -23671.398326399998  1        1.481641            
-12927.874836096     22451.155081344      1        2.226742            
7881.321279744       15852.386018304      1        0.440133            
-22677.29044416      -12445.235789184     1        2.155678            
17014.155358464      -21011.809306752002  1        1.454149            
-20367.603387648     -7283.865194496      1        1.241838            
18337.570428672      -10136.523995136     1        0.739289            
12122.267807232001   21672.83448          1        1.518952            
-21744.641799936002  6255.158025600001    1        2.085778            
6863.061972096       -1762.444113408      1        56.381136           
-9415.793768832      -15268.308409728     1        1.324057            
-20262.571160832     10269.170955648      1        6.551385            
-20433.554304768     -23923.683919872     1        1.95037             
19588.223837952      4850.255431296       1        1.453               
-3915.965256192      -2550.824724096      1        0.457911            
-2272.124967552      -8272.226109312      1        0.997709            
-8340.500919168      18342.773437824002   1        23.061503           
-16933.221448704     -6552.556750080001   1        33.839579           
-13901.859480960002  -5031.5094086399995  1        19.471239           
10961.760192767999   22662.804738815998   1        1.448512            
-4511.094230016      9540.406884096       1        1.73844             
-4121.418939264      -7471.075353984001   1        1.235613            
-10581.905119104     -9015.337482624      1        1.216642            
2927.924600832       -2204.3683664640002  1        1.366217            
11583.761992704001   22220.68736448       1        38.135289           
-9742.826953728001   19491.214190976      1        1.697769            
-13547.583320832     -18767.601629568002  1        1.12891             
17893.826007552      -258.98368320000003  1        0.692593            
-11779.873433856     -4947.03494208       1        2.018851            
-14283.621627264001  8549.808981119999    1        11.404544           
22170.413067264002   -15313.155998976003  1        2.144143            
-4670.269617024001   -13111.235444736     1        1.440236            
-14678.56108224      647.12526912         1        0.608204            
12608.18025984       6170.0864924160005   1        0.420124            
1708.5037305600001   5521.760652672       1        1.282283            
913.08545856         -2548.808216064      1        1.941332            
9551.092928256001    -7392.500742528      1        0.767375            
4319.989458048       17858.986928640003   1        0.760132            
-5449.441561344001   13722.868241279999   1        0.595591            
13135.106844288002   1480.726836864       1        0.376965            
-19295.72878464      -7121.5161811200005  1        1.044271            
-7020.9176970240005  -6985.636048511999   1        1.562537            
19718.645075712      3521.048332032       1        42.097956           
-14341.963565952     -16078.284807552001  1        0.885013            
16258.455696384002   -11338.451296128     1        0.773284            
16424.549653248003   1465.924090752       1        1.641987            
-4810.38554304       9814.948095744001    1        40.215806           
23568.760803456      9610.025496192       1        1.981188            
21387.169482624      16935.461655552      1        2.254047            
-4992.830434944      -22439.661146496     1        35.427014           
-21346.210068480003  9618.786764928       1        1.476858            
2431.142638848       -15040.463923584     1        24.127295           
3596.946604416       -4043.3963328        1        0.225535            
18428.900700672002   23937.121942272      1        1.31692             
-4564.4214528        -11626.498122624     1        0.547737            
3831.053048064       -10352.448070272     1        1.312119            
-6920.924326272      -15616.127881728     1        2.12321             
-12079.283838336001  -17780.45094144      1        0.708498            
-16597.185593472     -18285.931407744     1        9.133215            
19950.471078912004   11981.564470656002   1        43.598258           
7910.788368384001    13657.485422592      1        0.867362            
-9353.78091648       -11199.8674656       1        0.520419            
13845.543706368002   16292.470791168      1        2.057779            
19852.627791744002   24053.368078080002   1        0.831131            
-20105.78404032      -7873.0878758399995  1        0.243922            
20064.124561536002   -16138.102514688     1        21.451392           
-6054.772166784001   23755.595985792002   1        0.442769            
-9438.004325376001   -15478.892681472     1        0.233479            
-17293.988093184     -20367.241285248     1        1.998582            
4876.989853824       -9202.5910944        1        1.727144            
-22545.739446912     -11410.086416256001  1        29.702727           
7797.836559744001    7131.460317696       1        1.786766            
15002.760212352001   20364.014550528      1        1.663706            
18670.274941824002   18959.148971136      1        46.274698           
4476.298603392       -11618.679929472     1        16.851467           
-1085.222502144      -19544.712004224     1        0.89712             
-3533.272909056      3219.9014453760005   1        1.457998            
-17422.75009728      938.216974464        1        1.785592            
13566.333787776      -3178.394854272      1        1.067148            
1709.102406528       -9804.530812032      1        0.80225             
-19218.860077824     19594.260487296      1        58.414225           
-12348.367764480001  13415.826327551998   1        0.97599             
-10713.679815168001  4953.164933376001    1        36.414033           
9129.950134272       9301.17146112        1        38.620545           
-8172.94889664       -17498.006241408002  1        1.484408            
6931.394718336       12601.929567744      1        0.373342            
15025.946031360001   -11287.309562496     1        2.163007            
-23118.624067968     -23347.376224128     1        2.237562            
-21262.369683456     -15544.43643456      1        1.968474            
11958.558898176001   8615.737367423999    1        2.010599            
3508.979861376       -10036.131507072001  1        1.134853            
3334.267867392       2912.206137984       1        2.080427            
-11580.430650624     -3103.2384894720003  1        1.483682            
8448.60538368        7472.5559504640005   1        0.204347            
20280.813075072      -16736.427645696     1        1.545507            
20713.819953024      23873.75724096       1        23.836111           
1881.2410594560001   -5639.999156352      1        2.016034            
-2498.4437955840003  -16322.420683008     1        0.59228             
13303.688846976002   17711.196041088      1        0.679021            
-11221.19932032      16898.356620288      1        0.551702            
15618.586959360002   -19552.816660608     1        0.676729            
4469.145069312       -3283.8970095360005  1        1.291122            
-16241.789329920002  -2843.1379215360002  1        0.276788            
-18933.631212672     3557.147527296       1        44.069133           
21726.203545728004   -20198.034857088     1        0.452006            
18341.455385088      20196.782787456003   1        0.29395             
-1395.9305015040002  4459.863982464       1        2.077608            
16985.327179392      2572.26279552        1        1.426344            
-17072.989756416     5296.660098048001    1        0.831185            
-19813.393594368     -14724.792707327999  1        1.314888            
6485.482510848001    -5282.184048768      1        1.30185             
-16067.708198784001  5433.143734656001    1        4.443606            
-17873.90554752      15588.522804096      1        1.422078            
7113.585333888       12950.170687872      1        1.493222            
23480.277460992      15164.684358912      1        2.014103            
-12719.347305984     11726.568741888      1        0.64226             
-7574.734810368001   -8849.663564544      1        1.427491            
-4870.3979808        20642.37956352       1        0.364661            
-19677.51346176      -14654.073303936002  1        40.30191            
-17142.2494848       -4874.978173824      1        57.335736           
9311.25400128        4417.028073216       1        1.614992            
-18307.38235392      23142.939646464      1        0.639916            
-18706.140782208     21909.443453568      1        2.214611            
6753.977417088       2607.441446016       1        2.029264            
1823.747245056       170.192956032        1        0.453311            
-19199.209987584     10590.587529984      1        0.583382            
23238.957937536      19404.015105024      1        2.215627            
11663.055980928      -5513.393673216      1        23.374056           
-20924.159604480003  19254.046775040002   1        39.199928           
-22507.184392704     -10480.781988864     1        1.855459            
1796.312757888       3225.2605608960002   1        55.957157           
-15490.557206784002  -20137.002095232     1        0.457837            
-5654.047120128001   10579.692271104      1        0.597976            
-7624.896453504      -2334.218287104      1        1.608726            
1348.953750144       -16266.7663488       1        1.577561            
2265.270771456       -7545.946864896      1        1.75459             
-8122.972328064      -1059.2106750720002  1        1.541389            
8104.902613632       -7556.637737088001   1        1.912872            
13598.829661824      -18942.627445632     1        20.780408           
1342.4745312         -21564.50953536      1        25.673051           
-18709.665245568     14164.253364096001   1        1.296084            
16599.985852032      -23317.925228928     1        1.977467            
5898.046201344       -22621.983728256     1        1.063068            
-13501.184323967998  5001.668952192       1        1.399127            
2822.66062848        5323.354286976       1        1.228979            
-6463.738664064      6005.643722496       1        0.260675            
-23166.011202048     -4890.2331456        1        54.797041           
-16558.373044224     -3453.0100957440004  1        1.396709            
4120.034903424001    14307.927549696002   1        1.482304            
12661.372297728      22388.306979456      1        0.976287            
-7071.354537984001   -14270.869185408     1        2.008914            
13465.336186368002   18233.98017408       1        43.021675           
2889.813725568       6825.013861248       1        2.255412            
-6938.741373696      21903.4534752        1        20.30337            
19950.479125632002   14238.032130432002   1        37.367974           
-17392.935390336     11949.004222848      1        0.739277            
17654.630818176      -13372.803734400002  1        1.246044            
-11084.166897408     -2022.6637728000003  1        1.914304            
4097.283607296       20232.011327616      1        0.887828            
20725.498962432      -23839.211062656     1        1.950249            
-19361.158274304     22589.021144448      1        1.293729            
18583.549003008      -16569.866979071998  1        0.787906            
-7095.325716864      -18832.24575936      1        0.701132            
-23330.880448128002  -12035.799363456     1        1.306836            
14899.04121024       11017.889283456001   1        0.521345            
-646.508890368       -12948.178319999999  1        59.350739           
-23829.028743168     952.207001856        1        1.074569            
9427.007677824       -6889.6402882560005  1        1.151299            
21370.670487936      -23891.844658176     1        1.082691            
-5593.651658496      3469.523574528       1        1.512436            
-14586.593510016     13973.106749184002   1        1.871917            
12755.953444608      -9853.216686720001   1        0.618295            
15612.951036672      -1379.6198000640002  1        1.682788            
18703.293852672003   2974.66316928        1        30.13261            
-2164.537102464      -9429.329961216      1        1.741884            
-6784.291020672001   17471.510001792      1        2.249551            
-14025.69045504      15471.777771648      1        41.976745           
-23490.657729792     14689.628540928      1        1.126297            
18753.622867584      -7786.135019519999   1        17.852691           
-21429.168532992     11667.341664         1        0.572888            
-3195.9350945280003  5951.82886848        1        1.473357            
12648.013133184      21833.715771648      1        29.591906           
-12005.495415936     -16918.16442624      1        0.929984            
-4162.687347456001   2337.1134969600002   1        1.196167            
9994.214533248001    1165.235867136       1        51.527159           
-10400.927948928002  -3782.8226177280003  1        1.187683            
-19802.749393152     -12425.178534912     1        50.780786           
20117.33108352       5914.9507507200005   1        0.41251             
-14178.616759296     103.924998144        1        0.437307            
12102.674044032      3304.432238976       1        2.209769            
-17224.786301183998  5607.817104384       1        0.762853            
21880.393185024      -5511.969403776      1        41.359621           
21048.281869824      10336.900197888      1        2.003106            
21516.861687552002   -11718.409367807999  1        1.567414            
-14053.533715584     3830.61691584        1        0.62272             
-17093.642467968     -22230.21468096      1        0.599016            
-2900.1247925760003  15784.017866496      1        0.869113            
-19703.08593792      931.7731610879999    1        0.530086            
-2491.2548559360002  -7900.499832192      1        1.631958            
8204.469508224       22204.370225664      1        1.744292            
-23970.449847167998  8021.368003968       1        0.443474            
371.256348672        19766.003241600003   1        0.519349            
-1974.518637696      21242.518425216      1        1.621695            
10852.463204352      -14016.97585728      1        2.008665            
4377.750423552       7643.091696768       1        0.956468            
16604.009212032      9513.847880064       1        0.9697              
6326.144580096       22881.472745472      1        30.116491           
-19368.780127488     14679.16458624       1        0.261961            
-6555.353789952      -3148.314605568      1        0.457682            
5540.057284608       21844.520907264      1        1.587556            
1290.093602688       -17706.302025984     1        0.981729            
9591.447229056       21457.871183232      1        0.358319            
-19005.679934208     19502.3926944        1        49.791539           
-2752.319420928      18347.147634816003   1        0.447545            
-3699.8834653440003  15424.45179264       1        1.523963            
-15296.547568896001  23653.552310783998   1        0.530728            
15375.328176384      -20845.715349888003  1        48.466083           
4634.043283584       -17560.42947648      1        6.801043            
18765.990676224      -13872.540451968     1        1.674308            
16561.747838592      -15078.972306816     1        1.937575            
-15932.970700416     20877.631860096      1        1.826782            
-19931.8863744       -85.774816512        1        0.602122            
-2104.215670656      -9594.027007488      1        49.123424           
7020.808261632001    20019.067757568002   1        0.538559            
-22311.60725376      2523.543124608       1        1.729407            
-14417.448236928     -4163.208774912      1        1.826008            
13996.875150720001   2143.152139392       1        0.241599            
15964.830883584      19035.422220672      1        1.561122            
1713.906298368       1446.182267904       1        1.022878            
-9634.674208896      10736.9798976        1        36.606956           
7970.844258432001    9384.6481344         1        2.091542            
17894.379621888      21822.186431232      1        0.61358             
16332.734968704      6126.32199168        1        59.861097           
-9112.606233984001   -6739.897266432001   1        57.676935           
-4004.8525440000003  -22913.209009152     1        2.059784            
23457.510071424      -11785.393483776     1        0.555928            
-7239.830323968001   16291.600136064002   1        0.597871            
5410.971802368001    15989.898025728002   1        0.804959            
-16888.145332608     12700.931582592      1        1.215968            
7808.1605015039995   11462.940491904      1        0.844399            
-16993.94038848      19277.583431040002   1        1.005427            
15895.316878848      23013.195942528      1        0.464509            
11835.440863488      13226.818530816001   1        2.093353            
23669.412395904      16542.022109184      1        2.040268            
24049.784068992      -17403.677761536     1        0.476866            
17158.843430784      22905.614514816      1        0.269716            
-21057.632158464003  -7156.19754432       1        1.786401            
23250.947550336      -22402.670374656     1        1.949573            
-5887.888022016001   -11043.782019072001  1        2.112382            
-5099.5122393599995  23303.935201536002   1        0.350659            
10877.591501568      -2923.19634816       1        54.412064           
17321.453157888      15407.32837248       1        1.974371            
973.521153792        -937.206306432       1        0.213377            
15911.352382464      5348.94446592        1        1.640543            
-6369.152689152001   -7715.158121088      1        0.91507             
-11109.686265216     20845.311404544      1        0.526654            
11467.134442368      -1487.764498176      1        0.355847            
14436.42723072       -14005.256614272     1        0.320089            
8177.609556863999    16357.642785792      1        1.145047            
1155.336792192       19639.25130816       1        0.355873            
12484.072478592001   -596.345637888       1        7.224468            
-12630.822120576     -19724.140985472     1        41.07263            
-17221.388976000002  12766.737658752001   1        0.982493            
-6965.878132223999   6638.59228032        1        1.353185            
19326.8937312        15167.35908864       1        2.207088            
11112.710222592      -12754.376287488     1        0.991905            
7380.321227136       13858.236602496001   1        25.306542           
10877.325959808      -21285.228805632     1        0.212386            
5089.516603776       -6790.617351936      1        0.41594             
-11794.219126272     7252.639092863999    1        44.736919           
22653.414216576      -13769.140099968     1        1.303107            
11706.273304704      -18479.722174848     1        0.445269            
-21459.636633600003  15618.387400704      1        1.106082            
-1479.449017728      -9274.956856704      1        29.681729           
15789.760005888      -20369.083984128003  1        1.641978            
-21910.170877056004  -22057.916702976     1        2.074034            
-21275.126953344003  12042.495843839999   1        0.87664             
-24006.235220352002  15711.214362624001   1        1.261301            
-5687.30904192       19791.678715776      1        1.775151            
7557.299177472       13450.71207744       1        1.930315            
-11136.124568448     2489.087069568       1        0.915423            
-16132.04011584      -17775.321962112     1        9.556802            
-16316.234364672002  -11605.182361344001  1        1.546973            
-3726.4569534720004  12901.985319168      1        0.423052            
16703.8641792        9334.972513152       1        2.207908            
2488.349990016       7486.636101120001    1        0.402818            
-4509.945158400001   16342.199520768001   1        0.953519            
280.539236736        -13708.237694976     1        1.209121            
-23091.889645440002  17742.740792832      1        0.878975            
-17673.476236415998  -17064.603464832002  1        2.053418            
6633.505143936       3812.722619904       1        1.128167            
-18491.504182272     -14248.051906176     1        1.410282            
14147.432500608      1975.5389617920002   1        53.225238           
-12888.647076096002  -10366.092088704     1        0.937749            
-11968.728342912     10937.357709696002   1        1.516467            
15565.441592448002   12197.440265472002   1        54.593533           
20609.199718272      -4639.478038272      1        1.680482            
-21589.15663872      5245.091888256       1        0.218559            
14144.849503488      -21503.059953408003  1        7.819667            
18085.521408768      8467.373553408       1        1.087766            
-23959.887722496     -3548.535927552      1        0.475077            
-16068.38251392      8276.336373888       1        1.794901            
20187.026944128      -1379.62623744       1        1.598446            
13197.277412352      19038.415600512002   1        27.573076           
22994.599972608      12046.76865216       1        1.336658            
-11044.956840192     -175.873940352       1        1.365287            
-11552.001588864     11322.84548736       1        0.983022            
7021.014257664001    -16552.508594688     1        1.80586             
-20032.681198464     -10901.065393152001  1        1.174411            
