trucks_count 15
drones_count 15
customers 1000
depot 0 0
Coordinate X         Coordinate Y         Dronable Demand
-21670.772910336     -1974.1822848        1        0.714621            
-10585.15438464      22284.721552896      1        1.376048            
24657.274414080002   5617.1818771200005   1        16.37846            
9745.448575104       -27065.508041088004  1        0.761379            
-17420.241129984002  -26339.930470656     1        15.950585           
9381.870406656       -22194.821987712003  1        1.065122            
24673.486945536      -12619.197828864     1        1.227641            
8269.472521728       29916.641183616      1        2.165354            
-1001.708813952      2837.16081792        1        1.060585            
-29884.661908992002  -23547.409636608     1        0.444108            
24226.515789696      23172.318221184003   1        7.669489            
7739.438294016       21149.295564672      1        0.458373            
-15499.97830656      18029.773732608002   1        0.868721            
-22198.787411328     -2204.0963873279998  1        1.441123            
-24864.104086272     1548.225942912       1        0.507039            
-26410.187992320003  26142.309464831997   1        0.568238            
6339.074049792001    1261.257376896       1        0.631615            
19439.04086784       15728.587231104      1        1.275732            
-20988.740969856     -187.157051136       1        1.06657             
10586.340471168      -5851.061403264      1        1.338279            
28622.652968447997   -25318.949762304     1        1.787568            
7164.495321984001    -25177.858573824     1        0.868539            
-2928.2577350399997  -17272.261949184     1        8.36473             
1879.316284032       -25648.247294208002  1        2.009751            
29192.563521792      -21047.285685888     1        0.302828            
23283.139258368003   1381.464108288       1        1.342602            
-24454.21543488      30094.624973952003   1        0.940186            
-21139.819747200003  9917.973470592       1        2.092676            
-24237.753838848     16810.644153600002   1        0.692634            
31291.001647488      24870.668600448003   1        27.585635           
7726.27546944        -4989.153083904      1        1.04768             
3646.36312128        -24518.827377792     1        1.261149            
7846.472544768       12516.751817856      1        1.016699            
4903.355736576       -14919.186978432     1        1.423974            
7710.632645760001    -20113.198288128002  1        17.769829           
-21078.561677184003  -6529.679925120001   1        1.702066            
-13135.164780672001  -10747.035078912     1        2.078418            
-22386.22448832      30901.514649984      1        1.298179            
27388.99905984       31981.630703616003   1        1.704228            
24286.611913344      -11784.762620928     1        0.713148            
-7344.6372426240005  12692.632195584      1        0.203957            
-11707.882648704     28372.076498304003   1        25.46929            
6890.461053696       16129.632537216      1        0.980958            
-5543.926147584      -30479.000694912003  1        0.889945            
21796.29530496       -27253.738524672004  1        1.391527            
-157.09611456        -4715.725538304      1        0.868248            
8765.979285888       -24801.698553984003  1        0.555654            
-23723.317373184     -1230.48832896       1        34.100361           
12319.373822976      3191.543194752       1        2.020391            
22877.566867584      -22947.9579648       1        55.30084            
-28650.425417856     -32150.993238144     1        1.149405            
12078.958750848      -10635.156702720002  1        0.925864            
-30689.866601856     -11130.123324672     1        1.681472            
6080.153131008       28484.508488831998   1        1.813851            
1996.9738145279998   -2461.7716738560002  1        1.989413            
3759.8106078719998   15305.61783168       1        1.95257             
6395.029331328       134.930619648        1        34.666992           
-16954.822063872     21437.670697344      1        1.692131            
-30514.254984576     12837.009664512001   1        1.130497            
26918.980488576002   -14543.990955648     1        5.468537            
-29849.021376768003  -17464.173002496     1        0.708907            
2367.40939776        -19008.182464128     1        1.123008            
25306.615749888002   -20212.747479936     1        47.459199           
8933.576370048       16909.110256896      1        42.335671           
-28154.984039424002  1365.5412587520002   1        0.692457            
23821.080193152      -27971.628258816     1        0.749679            
27746.130196224003   629.329143168        1        2.186638            
-10161.613668096     -30297.479566464     1        1.234447            
21131.317582848      14580.049917312      1        39.401791           
-9232.94332224       -19789.469086464003  1        0.99719             
-15828.410011392     7249.621572864       1        1.644159            
29914.128997632      -16606.923734016     1        2.24853             
9147.258628992002    2271.381450624       1        1.622966            
-9985.524075648      -11715.456221568     1        1.842569            
-31493.2929696       -29275.929150336     1        0.247902            
-24488.243404416     854.154499968        1        0.939643            
26482.310743680002   -6975.236467584      1        6.711855            
-24099.839495424     6398.13214656        1        1.605995            
-22329.54339264      6092.554735872       1        0.645639            
-27810.410614272005  -8579.818418688      1        1.856541            
17247.60518976       -16638.462048384     1        0.477788            
-31987.165237632     15537.440616192      1        0.5944              
-9457.00424064       -22999.614688512     1        2.216394            
-15638.666744447999  -31913.035634303997  1        0.976491            
-2939.894901504      4954.111227648001    1        1.858727            
-1455.4810575360002  -31243.49059392      1        1.369672            
-2749.31477568       28767.3458688        1        0.815676            
6644.945970432001    -20404.734172416003  1        2.01322             
-15207.613610112     -16864.14679488      1        1.634036            
-6390.68088384       -14364.78728256      1        1.362751            
4404.3770200320005   -10609.693661952     1        1.142376            
-15965.904316032     20516.221478016      1        1.428035            
-3531.179152512      28988.744932224003   1        17.22273            
-29591.228608128     13637.679225984002   1        0.752987            
-12678.112694016     -23529.925723392     1        0.500125            
-26469.11412288      13775.624146944      1        0.793098            
-412.30266739200005  31873.75798464       1        2.194102            
1365.748864128       -25998.014072447997  1        0.883417            
25622.972546688      21077.565493248      1        0.445478            
-29771.137173887997  -6558.643289088      1        1.658776            
-1034.67944448       -25606.257899903998  1        2.228409            
8208.874282752       -11316.493406592     1        2.0951              
19585.172521728      16921.31069376       1        1.512278            
5281.9877088         17326.166926464      1        0.40587             
28471.244275584      -6746.738587776001   1        20.959168           
10242.919336320001   11489.946893568002   1        1.021838            
-13589.257283712     -9689.214877056      1        0.38317             
349.979211648        23842.260769536002   1        0.328017            
31558.44726144       -11011.997475072001  1        18.161955           
9188.46105408        19746.977576832      1        0.273674            
-2368.131993216      30592.132750080003   1        1.864644            
22826.122577280003   -31559.713815168     1        19.963383           
21492.114804864      -7435.098468864      1        2.004026            
27334.934757503997   -24630.958420992003  1        1.94045             
27628.726942079997   -3297.948192         1        0.494693            
31165.117150464      -3656.754655488      1        2.173142            
18372.446522496      -23629.384791936     1        0.850876            
-6964.38787968       -9730.256367744001   1        0.67864             
2309.7385555200003   9012.867139584001    1        33.174366           
27311.409366912      -11665.917394560001  1        0.894237            
3371.83317504        6850.843832447999    1        6.152631            
19979.389381248002   23746.372835328002   1        2.01594             
22626.015134975998   -26318.362042368     1        1.706178            
3649.345235712       19801.178673408      1        46.026875           
-9144.216968832001   31776.280018560003   1        17.500124           
14262.856261632      -6271.937046144      1        0.701226            
-25655.50221696      -2251.2968375040005  1        1.495529            
14054.719802112      -20907.826372224     1        1.237408            
-2062.39042944       10427.681683584      1        0.276728            
31146.984671616003   -14371.944035328002  1        0.957028            
9796.862287872       27155.723037696003   1        0.570842            
31765.072546944004   -25386.833501568002  1        1.68082             
6181.366384512       -10565.1824256       1        0.547782            
-26475.096054528003  -18294.806939904     1        0.574773            
-13828.24003968      24658.515218304      1        1.735979            
18760.657310208      1092.244070016       1        51.621596           
-4867.013530368      -1662.1337018880001  1        1.374883            
-2220.91886016       25499.537471232      1        15.88343            
19733.943499776004   10695.576304512      1        2.220703            
-21533.687379072002  -12901.980491136     1        1.825129            
22791.156360192002   3600.355195008       1        0.703072            
-19720.693770624002  23988.244363776      1        2.016972            
-12387.132033408001  3972.173204736       1        0.332585            
3777.9237745920004   11841.6738528        1        1.342161            
-31081.854519936005  -3636.4769210880004  1        1.201238            
5203.688295168       -22099.054754304     1        0.62753             
12502.935599616001   -14858.762548608     1        1.635553            
-6977.891885184001   -11059.479560448     1        1.000781            
-4921.530058368      -24081.99026112      1        0.509724            
18512.937425664      1392.354539136       1        19.932364           
16677.115272576      1237.357009152       1        0.625999            
-24097.91472         -12300.855101568     1        51.679229           
-9307.19040768       -14930.188454016     1        1.907924            
12886.896109824      4916.890319616       1        1.862146            
-2098.108210176      20463.552476928002   1        0.891507            
25071.212174976      -3507.1629120000002  1        39.79521            
21909.208489344      19196.477321472      1        0.343378            
23982.743625984      -4684.16469312       1        0.278027            
-15148.046960639998  -8250.942534912      1        2.20065             
2911.050628992       12586.595738111999   1        0.756068            
20023.839462528      5254.509769344       1        0.217787            
-13659.592053888     -21764.497886208002  1        38.933321           
8959.103784576       4485.581299584001    1        1.225147            
-18271.1238336       -14027.776164864003  1        0.632353            
-9256.740691968      -4404.039057792001   1        0.328053            
20580.875263872      28688.525027712      1        0.864975            
-10378.356899328     30020.468011776      1        1.323494            
-13914.829184256001  26944.440310656      1        1.129602            
-7302.292183296001   28082.869334783998   1        0.654497            
20101.15717632       -11580.744472704     1        30.634453           
-8201.315193983999   -22229.030203776     1        1.277935            
19344.623874048      26855.216669952002   1        2.06395             
-14673.823173504     27509.429490048      1        33.36883            
-25743.188934144     -31614.825800448     1        42.158341           
-2986.461270144      -27927.79938432      1        1.993095            
10009.794592512      1150.724412288       1        1.45447             
4525.414172928       -14791.242521088     1        0.780396            
14880.432365568      3874.106218752       1        23.979879           
-21217.985585280003  23964.43572864       1        0.478192            
22111.168286592      4365.698046336       1        0.41865             
26921.571532416      30039.749562240002   1        1.328719            
10215.380241792      19346.64038208       1        0.212506            
13228.818945408002   -3732.9281256960003  1        11.900352           
-22371.761313792     5518.0977857279995   1        0.633435            
-7193.366953344      1837.014676992       1        1.624115            
-6184.633352832      13183.276119552002   1        2.227911            
-20148.433265664     22894.199437824      1        23.075671           
-31355.064804096     -24478.225238016     1        1.939779            
-3645.1496759040006  30089.954657664      1        0.329734            
4177.227770496001    27151.429307904004   1        1.716571            
-432.517637376       17034.486201216      1        1.488633            
-22761.365793408     10587.677836032      1        20.796094           
-28016.4259584       20221.172395776      1        1.975921            
10945.988621568002   -1938.4097863680001  1        9.482494            
-1604.42745408       30257.274934656      1        2.132689            
-14878.708758144001  10191.91117824       1        1.2766              
3205.1984785920004   -1407.673884672      1        0.837402            
19231.964966016      -30717.595598976004  1        1.882458            
1746.2396286720002   1824.421560192       1        46.106427           
-19815.999122304     6934.042089216001    1        2.213069            
-26270.805927168     -31404.093469056     1        0.943058            
23796.996360192003   -21746.103084288     1        1.370817            
22924.675585152      -15273.588667392     1        2.078986            
22078.706208768002   -27960.597815039997  1        39.441699           
12814.214916096      -26075.06624448      1        0.412178            
13356.126102527998   -16028.742761856001  1        2.020732            
16822.999087488      -6059.432827008      1        2.053844            
-11497.889006208     11332.860435072      1        43.595801           
6026.122624896       21455.2109376        1        0.569243            
-16592.396185728     -4861.718788608      1        1.081054            
798.377855616        -3620.1807037440003  1        1.652272            
-22949.216471808002  4890.785150592       1        0.827694            
-24870.089236608     11976.404913792      1        1.38246             
2685.945246336       15365.956966271999   1        1.941836            
-9627.301804032      -30618.310339584     1        1.708694            
4509.3529198080005   -18984.510623232003  1        0.969785            
17273.013512832      7380.02510784        1        0.697104            
28065.842475264      2468.553449472       1        0.413003            
-1299.788290944      -10419.708993408     1        1.523749            
21543.277459968      -24660.6620832       1        1.397389            
1913.98477248        -31270.979798784003  1        1.372115            
30601.624660992      28198.878897024002   1        1.941938            
7715.734266240001    22993.52654016       1        0.278922            
16006.303678463999   -3601.895337216      1        22.977009           
-25417.449661824     -14752.367207424     1        0.507693            
18015.894749952      -28759.279836671998  1        0.382037            
8752.945208832       5845.616992512       1        1.216726            
9340.698559104       -27650.950373376003  1        1.47304             
-1108.784907648      15856.966211328      1        42.349613           
-20709.016061184     -25267.590767232     1        2.155605            
-22746.933196416     -10111.860798336     1        0.492335            
-8154.137274624      -21317.99826816      1        0.904736            
-8188.265023487999   -7806.530236032      1        1.460127            
17127.160275456      9200.421698688       1        1.094315            
29125.535953536      -4970.964278016      1        1.985917            
-21946.936340736     -10146.469741056     1        15.313157           
11917.234162944002   5610.252041856       1        1.135558            
1741.614374016       27632.25945216       1        0.581038            
-26930.300614272004  -15506.779394304     1        1.825102            
-8566.187275008      -28205.156947968     1        48.601412           
-4347.259792128      -153.00194342400002  1        1.859621            
-7416.93541248       1636.9249374720002   1        0.584582            
24765.522110208      -6572.977716096001   1        2.196547            
25039.194276096      31666.392400896      1        19.307062           
-17564.044063104     6786.605257344       1        1.661009            
28960.438180608002   3635.56442304        1        0.904797            
26119.031913216004   2687.575511808       1        1.990726            
-21401.051683968002  -2870.63517312       1        1.159717            
-15757.177227264     -6631.878097152      1        1.661431            
11082.325807872      9018.462828672       1        0.643487            
13544.419350528      13869.357169536      1        43.791401           
-3580.3156435200003  6702.62807808        1        1.876061            
-20549.932406784     29349.604918656      1        1.043202            
-10098.44852544      12542.288888448      1        0.278328            
-29936.489223168002  -5423.46513984       1        40.011376           
23099.02708608       -12358.154185344001  1        8.991131            
28704.695716224      -20807.17638912      1        0.98046             
-13754.649566592     -30201.823377792     1        0.275456            
12234.719109888      -6666.6254434560005  1        1.720684            
24842.769012864002   13.790468736000001   1        56.597375           
-5792.445876096001   -5614.40575872       1        1.949042            
-17837.350907903998  -11118.212569728     1        8.529766            
22769.636212224      2916.866798208       1        0.45984             
14444.269564032002   7158.915726335999    1        1.681026            
-12671.517602304     -12230.146963584     1        2.097388            
10339.10178048       -21217.520484864002  1        0.895163            
-11330.159955840001  2385.883057536       1        18.829313           
-17488.908619776     32111.647996032003   1        0.578507            
-28795.367766528     3529.640619648       1        1.409714            
18794.183164416      23905.564315776002   1        0.442698            
16020.699260544001   -26765.143295616     1        1.569408            
-15869.964882816     25090.546833792003   1        1.452339            
29588.3527104        -485.226872064       1        1.548355            
-23399.478736128     -1513.147071744      1        2.071258            
-4917.442324608      -15649.901574912003  1        0.90571             
-21001.065326208     10871.743145472      1        23.577532           
23089.551268608      -20832.047191296     1        0.853216            
-29495.145943296     -11241.061843968     1        58.363936           
-3591.3155097599997  -1116.493665408      1        1.896862            
-12808.381044096     28490.397078528003   1        2.050271            
-12665.754541440001  29891.139518592      1        0.983503            
26316.543483648      -3246.664836096      1        1.140902            
-10442.273605631999  -2294.008827264      1        2.035823            
-28411.967308032003  -31101.412877568     1        2.197222            
19228.218413184      20173.93975872       1        1.050545            
2257.817899392       8550.645840000001    1        1.678671            
-12817.802143872     20385.135581184      1        1.49465             
1373.1405811200002   -20088.807070464     1        0.350076            
2534.993607168       3281.700254976       1        1.126132            
28257.885494784      -31067.22719232      1        1.440699            
592.4268852480001    -17793.037620864     1        4.404198            
27900.360069120004   30565.813538304003   1        1.614536            
-4807.961870976      12372.042824064      1        0.237445            
26437.147723008005   14956.097283072002   1        2.181546            
6335.2953100800005   -9715.558228992      1        1.492101            
-19943.616882816     -31324.90730688      1        1.54297             
7541.324828928       10815.445073664      1        1.251646            
-23592.022261632     -5330.609209728      1        0.899025            
-25132.632788736002  -21095.116998912003  1        1.564149            
30281.341064832002   12375.8955936        1        1.572567            
-1054.2893011200001  -11853.407579904     1        39.982354           
32129.88508224       -5503.777842816      1        0.434018            
5589.430349184       26934.977367936004   1        1.287616            
-27125.143892352004  -13592.435738111999  1        1.518734            
-4476.9149821440005  1806.21505152        1        1.069394            
10897.97867136       -15794.314449408002  1        2.004302            
23607.270796032      20679.436318464      1        0.230862            
-6549.267250944      -7661.661917183999   1        1.08281             
23449.221949824      -4104.340580736      1        1.268382            
1693.900543104       31438.385371008      1        1.275256            
21279.320903808002   762.8371027200001    1        2.049579            
-24163.097980032002  16811.394107904      1        0.700508            
-24027.147036288     929.2786778880001    1        0.287446            
22522.365334656002   8856.947455488       1        0.255338            
18239.550113664      -29630.160248832002  1        59.402495           
-30516.347131776     -32096.565224064     1        1.874646            
5272.447517568       9704.151198720001    1        1.209308            
-19191.63641472      -12965.773277952001  1        1.708062            
-9557.848954368      15445.804568832002   1        1.618909            
-30444.729714432     -31127.40056448      1        1.389365            
-20083.726371456003  -4362.574309632      1        31.347366           
-21193.122829824002  13080.039920640002   1        0.315775            
27507.470918400002   11748.053484288      1        0.441418            
-23719.675427712     -29908.365936768     1        2.01065             
-21567.922953984     -25426.536018048002  1        32.87434            
21915.164671488      -1176.847284096      1        0.269611            
20292.85418688       -20443.091277312     1        1.31342             
4176.072261504       8635.886354304       1        0.778042            
14384.358514944002   18148.509523584      1        1.38565             
6218.535793536       24289.074209664      1        37.548272           
2033.863197696       -5956.048568448      1        1.910492            
-23488.881014016002  25531.346155392      1        35.518976           
5023.247036544       -20003.719443840004  1        0.404648            
-24186.467264256     -16428.682448640004  1        1.68514             
-1837.668070656      25381.781770752      1        43.206627           
28942.864144128      -32075.337976704     1        57.04678            
-16211.844266112     26808.568224768      1        1.480572            
-31313.490620544002  6483.509455104001    1        0.493998            
93.906831744         25483.984770816      1        0.740899            
-28651.817500416     3236.4503297280003   1        42.936208           
13221.174561408      2129.1202690560003   1        0.217593            
-14578.179859584     -29267.583092351997  1        0.325095            
23127.325790976      29474.356437504004   1        0.764729            
2498.7962419200003   2259.7201440000003   1        2.167851            
-13343.7953088       -535.169644416       1        33.762608           
-18479.937826944002  22357.222500096002   1        18.862026           
29269.065298176      23520.453124608      1        0.567455            
-29531.589538176002  -19387.46943936      1        0.444799            
6430.006813824       5483.548388736001    1        1.099493            
-13016.43059904      28898.797086720002   1        1.779307            
-27503.550556416     30609.347902848003   1        1.315301            
3292.8497902080003   -15451.831562112002  1        0.479557            
-29750.321918592002  9602.294207616       1        0.712034            
-11249.54791488      -32054.540424192     1        1.424745            
18859.054211712      31515.365122560004   1        2.130704            
1137.4119187200001   -19909.537414272     1        2.058539            
22611.418384896002   -8989.475324544      1        0.491789            
-16482.592253952003  7846.649572608001    1        1.854818            
7299.768731904001    6309.508791168       1        2.027166            
16545.51277632       -28930.505991552003  1        1.09208             
-26054.831962368     30957.51016512       1        2.239502            
7334.849212416       -1918.915802496      1        34.063831           
27515.038053888      19706.710180608      1        1.558632            
-22349.4831648       21771.582218495998   1        0.684491            
-19085.569379712     20675.456410752      1        0.729075            
-25926.893942400002  -22237.265217024     1        1.322058            
7523.050727808       -20086.090497792004  1        1.19388             
24816.22127424       5704.099327872001    1        0.473066            
-28298.000003328     -14954.57967168      1        2.066329            
-18326.229381504     -23122.375448832     1        2.183875            
8409.789615744001    6434.500102272       1        55.885468           
-1864.869202944      13101.283261440001   1        0.348361            
-17797.281460992002  8538.377810688       1        0.522275            
-31744.209011328003  -21295.85369472      1        5.299612            
13543.807799808      17355.66459264       1        24.243872           
-25175.782520064     -23750.046967680002  1        2.256361            
29125.032228864      6497.705478528       1        1.813237            
31735.761564672004   -845.587961856       1        23.754296           
-29481.051308544     -32158.537842816004  1        0.94015             
10924.227072000001   -15951.006618624     1        1.685694            
4064.0651377920003   -15883.327266048     1        0.589043            
-12419.751826944     -28001.581369344     1        1.016609            
29973.071221632003   -9282.866782464002   1        2.225675            
-5845.645960704      -11747.734834176     1        0.820472            
16393.001682816      30160.603249919997   1        29.018619           
-24012.47464704      -13312.67864256      1        0.862001            
-20651.200377984     9454.883125248       1        1.64806             
19681.879612032      24292.458660096      1        2.250042            
-3591.3798835200005  -19008.678142080003  1        43.130757           
-10582.90934976      21411.158364288003   1        1.661183            
9925.563136896       -30387.507879168     1        1.928798            
-19164.094101504     25454.113736831998   1        25.478776           
-17186.068703232002  -3098.523111552      1        0.938673            
-4200.650163072      -17164.5791328       1        0.244891            
22530.906123264      -24179.909187456     1        2.063323            
-26126.25947712      -28197.113446656     1        1.599513            
6868.573975296001    -29931.059296512     1        0.545075            
10661.516148096      -22218.406924032002  1        1.44013             
8869.252499712       -10338.4660896       1        0.973866            
-14092.890223104001  15872.216355072002   1        0.763523            
6439.3764145919995   6987.860161920001    1        6.692998            
-4483.241313408      31225.927822848003   1        0.392507            
-18340.439889024     13066.67431872       1        1.611727            
29912.828647680002   -3662.572434048      1        2.268458            
17743.199455872      9985.084724736       1        1.313144            
-16377.024115584001  -14475.77569152      1        1.60569             
-17597.687399424     16379.702064000001   1        2.194843            
-12127.725092736     6288.648474240001    1        1.350855            
4501.513805184       10731.29086656       1        2.156394            
-1927.7398356480003  -30303.068818175998  1        44.697064           
4655.442730752       17750.803606272002   1        26.116756           
-10348.04973312      -1731.996934272      1        1.527141            
-14886.784446336     9857.370403584       1        0.518267            
-16094.093393664     -9026.8507296        1        1.685418            
3905.4143969280003   27432.089245440002   1        47.517064           
28490.089693824      -5744.377989504      1        2.258443            
-2261.2329273600003  -19038.969214848     1        1.342336            
-23815.964088575998  26373.707382528      1        1.502236            
-11609.986253184     18418.755396096      1        1.6362              
17602.79545728       3385.4755841280003   1        1.808233            
24944.39747712       -12006.586551168     1        1.35303             
7915.9125196800005   -23699.951307648     1        1.712957            
-23786.730354816     -20359.286297856     1        1.309008            
13341.213921024002   4495.5157800960005   1        46.829677           
-27335.137534848     29333.32801344       1        0.45535             
-8032.229466624      1640.6119445759998   1        0.88002             
-22751.148068352002  18770.802614784003   1        3.061142            
30284.331225984      -14617.967671295999  1        1.26938             
13854.053917440002   -21554.430213888     1        20.515599           
16637.575299840002   14902.037808767998   1        2.688951            
21699.35646912       4907.997084672001    1        1.322344            
11243.302050816      -23072.27174208      1        1.241238            
12446.355892608      16888.272470784      1        1.393878            
20484.369341568      116.61306624         1        2.197658            
-3760.4350333439997  -26566.548636672003  1        0.556538            
-6899.56350336       11167.067425536      1        1.490234            
-31011.24616128      -17625.166948224003  1        1.355607            
25652.618272512      23842.70494848       1        1.050502            
18955.365403392003   9901.299057408001    1        0.270501            
-22083.550334208     4514.969530368       1        1.085052            
96.868024704         -2432.4445981440003  1        1.668857            
9067.924407168       24791.078492928      1        0.673932            
-4213.76953536       -18117.276984576     1        19.557357           
-28347.714248832002  -20433.6798336       1        0.535969            
-9235.479648384      11721.261125376      1        1.324033            
28548.822703103997   2038.6091531520003   1        0.434411            
31967.029125504      -23493.295444608     1        0.924752            
-13468.044712320001  23135.572069632002   1        1.515177            
-12108.359856384     -7741.364678784      1        1.755383            
-16920.357962112     -24203.387907072003  1        2.058758            
13561.196761728      9143.484717312002    1        1.62062             
3005.300251008       -15473.528737920002  1        0.766689            
5128.779769344       -2945.71107072       1        0.493163            
-18024.5320992       -21091.326993792     1        1.06761             
31691.044332288      31132.986597504005   1        1.196377            
-7577.602661376      19889.356240512      1        0.928856            
-13905.676844928     27686.223975168      1        1.177372            
-31919.45530752      -15636.770937216     1        2.119509            
12507.935831424002   16872.095344896      1        0.748421            
-15391.217229696     -27905.643545472     1        1.160379            
31858.873161984      2053.7949231360003   1        1.643385            
-17860.980905856002  -21063.565809792002  1        0.495571            
-15101.063771904     825.3536797439999    1        1.649621            
-31816.795253760003  23717.438439552      1        59.948876           
28923.58903104       15410.036898432      1        1.053987            
-22235.198819328     -26406.616857984     1        0.920186            
-5767.8164755200005  13826.460105216001   1        2.068087            
-2784.3904281600003  2357.03717568        1        1.1382              
-25734.487211136002  25761.958713216      1        0.914402            
-14558.919230592     11278.955457792      1        1.019157            
25427.013993216002   -1027.1621986559999  1        0.568494            
-31278.794773248002  8661.471705216       1        2.033054            
-17370.766676736002  4146.151337856       1        17.661143           
-18949.235412096     20408.651315712      1        1.032313            
-6042.599088768001   11182.541268096      1        0.330776            
16847.387086464      -22267.998859392002  1        1.25086             
22197.490280064      -21952.89252288      1        0.699815            
14562.397022976002   3923.068900608       1        45.435103           
757.8400896          -14861.488777344     1        1.215171            
20136.454918272      -17180.191378944     1        1.16495             
-15388.410533760001  12297.01359744       1        3.370801            
11211.008954112001   -9591.06259584       1        54.72651            
19280.229192576      25317.12154752       1        0.350845            
24772.019031936      -2530.15430976       1        0.357953            
-9405.912396672      21266.824347648      1        0.331713            
25744.754825856002   2238.1919493120004   1        1.044572            
692.035622784        -18741.885921792     1        1.587249            
-18959.317952256     -5855.384101248001   1        0.309879            
18063.833889024      -30793.30075008      1        1.825899            
27879.263178624      3829.979615616       1        6.762793            
-19522.961720064     -6065.776861056001   1        0.295644            
14717.067856128      -31643.007023232003  1        0.555943            
15400.079887103999   -9817.387861248      1        0.997272            
5888.70235008        22768.776822528      1        2.02863             
31083.896777472      11982.721588992      1        1.469056            
11838.387572352      6721.003567872       1        41.288792           
10553.28937344       -31408.356621312003  1        1.050135            
30459.65959872       5767.230674304001    1        0.468026            
28499.884161408      31053.85354368       1        29.067195           
24851.866634496      15660.439559424      1        0.265628            
6978.208925952001    -1261.8463968        1        1.625937            
12142.592212608      -26282.216176128004  1        5.669577            
13362.164361216      -29051.118277632002  1        1.737559            
-2159.382373632      14004.400443264001   1        0.492182            
-244.620288          4148.998267392       1        0.607905            
25328.956663296      -8369.164945151999   1        0.354547            
22267.9296576        1726.798753152       1        0.846643            
-20504.276926848     -21521.40325632      1        1.241501            
31095.657863424003   251.046398592        1        42.273386           
26967.600380159998   4067.0987512320003   1        2.078063            
-16982.565545088     3132.31450752        1        0.573993            
-31305.561382656     -29229.440030208     1        0.429484            
-11139.822840960001  26546.682894336      1        2.136588            
23920.120832256      -16055.03300544      1        20.232596           
19664.865627264      -26430.600911616002  1        1.700094            
28563.445202688      14221.740741120002   1        0.667802            
12265.026276096      12254.747395968001   1        1.229919            
-9967.441486464      6185.660114304       1        2.194093            
12239.009620992001   -21538.681173504003  1        2.195625            
-18965.38678848      16040.453958144002   1        0.726761            
-9743.205149568      7075.517910912001    1        1.39528             
12202.876629504      20540.533837824      1        1.559318            
-30591.328078079998  30013.193776896      1        46.62409            
-26160.913481472002  26746.214191487998   1        0.802098            
26757.117497088      -8528.448158208      1        1.507558            
-19445.637568896003  -4126.834381824      1        1.945632            
-26250.825921408     5503.053638016       1        0.346397            
-28276.55227584      -20993.61889152      1        1.009559            
-31325.926021632     25204.123067904      1        1.406267            
18354.373589376      -20878.299737856     1        1.073004            
-19680.843194496     -28537.743979008     1        0.781809            
-17891.444178432     2237.210249472       1        48.709873           
4635.287306496       -25195.653090432003  1        1.836127            
5224.505159808001    11573.951431680001   1        1.561522            
-27045.299508480002  -19181.455704576     1        0.236059            
-11836.388767104     -13196.622409344001  1        1.027016            
263.734466688        -21628.6982208       1        0.438017            
15786.567067392      -9888.70272192       1        0.278424            
-6667.872685056001   30819.679507584002   1        0.587909            
-22283.66904192      30863.791626624      1        55.381525           
-254.084840064       6288.44730624        1        2.187525            
14959.291830912      -4703.893641216      1        0.853953            
24412.792529664002   30.48097536          1        0.691894            
-12583.787432832     18906.288458112      1        1.664865            
27451.330562304003   -614.344541184       1        47.989572           
-23651.374868352     7401.60641088        1        1.282362            
-540.741193344       7040.657910528001    1        3.491556            
26331.244841088002   -22661.176082688     1        23.604749           
23530.133328768      2664.3092256         1        2.025568            
-2043.0058809600002  4036.133363328       1        0.355879            
3540.54875328        15238.609575552      1        1.838146            
8078.678353152       -261.209405952       1        58.607496           
17483.618706048      -4396.402720512      1        0.633537            
11147.896919808      28989.436950143998   1        1.099298            
-13646.453369472001  -606.793499136       1        1.117396            
-15310.043527680002  -10684.182148992     1        1.447143            
-22283.466264576     18920.55046464       1        0.66279             
24612.936986880002   5966.824735872       1        46.15304            
-29488.204842624     19455.292023552      1        11.898438           
18117.940034304      -7047.315766656001   1        1.078249            
-25185.583425024     -12504.358259712     1        0.948627            
13555.116660095999   -24842.744872704     1        0.764769            
28447.519326336      12605.463687168      1        59.319432           
515.728768896        -1659.4300039680002  1        27.776567           
26771.125227264      22042.705183488      1        1.972351            
-28875.400443648003  -27578.782560384003  1        2.042122            
6723.87141888        23792.290638336002   1        1.117254            
-11528.368372224     10286.632338047999   1        30.341118           
-26991.045303552     -30926.145659904     1        0.412258            
-29931.760970496     21091.80496896       1        1.429201            
15688.725389568      -17123.059666944     1        55.973131           
-12219.095598336     560.5811861760001    1        1.862315            
-5808.463676928      29674.225696896      1        1.121017            
23608.225137024      18921.310075008      1        1.32686             
3215.8104929280003   -8194.018428288      1        1.866579            
5447.397694464       -22580.741069568     1        1.942675            
-20910.985514496002  -30384.009165312     1        7.811457            
10841.051346048      -2528.1040055040003  1        5.998338            
-18730.638216576     21375.070434432      1        2.000598            
-26906.965126272     -14987.436038784     1        0.941808            
10149.353685504      9343.709641728       1        1.809678            
28927.163384064002   7533.078550272       1        54.384812           
-17740.004908032     -21153.505608576     1        0.838004            
28321.361240832004   -285.452563968       1        0.461334            
4056.599390976       -23124.351723264     1        2.015492            
25279.549802496      -181.112355072       1        1.26972             
-5813.9966016        -24223.723577856     1        0.971209            
13192.98368256       -10051.763065344001  1        1.579384            
-2213.844183936      31658.213714688      1        0.847279            
30742.519509504004   -7444.934779392001   1        0.453691            
18382.945882752      13410.653895935999   1        0.741538            
2033.22106944        15981.934991616      1        0.610749            
6415.033477248       -30161.44815552      1        0.752596            
26634.097632384      -28345.161829248     1        50.09856            
27633.82856256       15053.285567232002   1        1.323799            
-746.771021568       29518.845143040002   1        1.124673            
3506.6575779840005   -7253.253862272      1        23.645657           
-23413.768101504     -7767.534221568      1        52.480311           
23870.728455552002   -29470.534245504     1        1.689234            
-27374.452199424002  29650.352688         1        22.478435           
-749.80141632        10681.414077312      1        1.399629            
-1354.64117184       -30497.015691648     1        1.565695            
25765.402709376005   2295.30273984        1        1.59314             
-24561.531320832     -9538.68649536       1        0.529874            
-10844.767321344001  11246.181167232      1        18.703862           
6368.52826368        30726.141215616      1        1.763302            
13553.32385088       -20750.445403776     1        24.047387           
-14229.813210624001  -12592.885054463999  1        1.514952            
1648.1098782720003   27493.675621632      1        24.521029           
2302.638129792       18182.873846016      1        0.657661            
-31615.548395904003  16619.3333856        1        0.600634            
-6073.458259968      -18368.584096896     1        1.034523            
-836.2843441919999   11141.836130304      1        0.801026            
26704.139501952002   -16839.311398272002  1        1.517387            
-28516.236705792002  12008.231300736      1        0.508289            
-11710.32724224      -23403.817527552     1        2.225429            
-13024.664002944002  -20561.868911232     1        1.53918             
19063.759549824      -1306.48959936       1        0.347589            
-31770.508910975997  -31849.180083072002  1        0.259351            
20176.046390016      -14434.13391552      1        0.434195            
19601.756811648      -10723.474282752     1        0.697277            
-11303.742574079999  3134.657712384       1        1.997904            
-22064.272002432     12736.298526336      1        1.524457            
8380.258153344       -25348.490880768     1        44.661817           
-31350.058134912     -19981.187018496003  1        1.891975            
-18200.5943328       27332.76053376       1        0.695786            
19069.804245888      -18336.36663936      1        1.250118            
-11647.012430592     -31567.123234944     1        2.215591            
-30131.435499264     2752.6364616960004   1        1.284373            
-21525.47489664      -2665.224942336      1        1.953163            
31698.25902144       -9565.308263808      1        1.972244            
26356.27496832       11296.310623488      1        0.585128            
24873.295049856      26670.454322687998   1        1.139929            
10500.005602944      13004.193147264003   1        2.205882            
3243.3045258240004   -14291.608801536002  1        0.638114            
-4110.2130769919995  -23100.385372416     1        2.150108            
24822.343218816      4380.124205952       1        1.158683            
22082.604039936      -16056.452446848001  1        0.34445             
26257.475730816      -27535.484769407998  1        1.643823            
10021.179091968      -25165.477890432     1        1.258197            
-4807.430787456      -7456.523665536      1        1.783597            
14970.610347264      3019.530070656       1        1.935923            
-15771.5309664       -22356.430702848     1        1.055983            
-4210.381866240001   27535.619954304      1        40.574249           
30642.207488640004   1166.055023232       1        45.721971           
10717.785251711999   -24227.033998464     1        30.75572            
18669.558783744      -19070.8471008       1        0.63967             
-26826.008685696     25985.599592831997   1        29.810465           
4540.970092032       21349.889028864      1        0.780939            
21415.91075712       7996.25097216        1        2.061212            
31598.931919104      -15416.530601472     1        1.360224            
2429.983911168       -16616.893620096     1        0.796729            
-7981.752392064      9738.443100672       1        2.096639            
19130.172348672      -2033.895384576      1        0.609432            
4939.297216128       -28832.640173568     1        37.073364           
-3966.458424192      14679.272412287999   1        37.44162            
-20066.59651392      16059.77252352       1        26.222171           
-17274.606763392     338.580228096        1        38.354917           
29420.818390656      -5035.349303424      1        0.888723            
-10300.232904192     28973.702393855998   1        2.065887            
-12716.790058368     7352.643729024       1        2.166597            
-29237.465828736     21848.479893503998   1        23.232412           
-23535.178622208     26624.530082304      1        19.133346           
-30165.186661632     13034.732059008      1        0.410641            
15446.288981376001   10832.291686656      1        0.607654            
-24054.018253056     -27397.562379264004  1        0.520915            
22536.109132416      13757.824802304001   1        0.615921            
29115.01245312       7234.879981824       1        0.952071            
-21663.600064128     -28356.052260096003  1        1.573907            
-1022.499929088      -13278.795513984     1        1.755819            
24760.333585152002   22220.59080384       1        2.146913            
26245.376682624      27299.917041408      1        0.322896            
9110.92286016        23911.356344832      1        54.067398           
-31862.13852096      -6815.583105408001   1        1.877061            
12123.474815232      6378.840940032       1        0.212453            
-9691.096200192      21032.714685312      1        34.597767           
-10054.555277184001  -2530.015906176      1        1.904529            
-5203.705997952      21982.340299392003   1        19.007693           
-21520.371666816     -17175.076883712     1        2.097043            
-587.611728          20721.634927487998   1        1.696999            
-12964.56144192      -17850.462233472     1        1.365202            
31036.001090688005   -23375.494682496     1        1.068532            
-1549.064411136      -9966.800967552      1        0.778666            
1424.637979776       6512.625706752       1        0.842227            
-32061.574866816005  529.842715776        1        4.381785            
-30945.055451904     27033.482095488005   1        0.707878            
-3932.660590848      9944.992747008       1        1.833389            
20621.369577600002   29719.234220544      1        22.117483           
-19112.567734656     -3957.845215104      1        1.349335            
-30315.259598976     15225.313175424      1        1.756734            
-6821.415368064      11385.233316864      1        1.968984            
2968.126013952       4327.009416576       1        0.812696            
8173.685976192       10394.717490432      1        1.501854            
23349.73874112       -10247.245252992001  1        33.497002           
-20965.172126976     613.140751872        1        0.258054            
21333.378768768      5447.497473792       1        2.078619            
-6806.071882368001   -17895.890795904     1        0.585535            
21706.545408768      25583.031847296      1        0.404565            
-6748.6070361600005  11688.604316928      1        2.144862            
13466.596302720001   -28267.593057792004  1        0.571458            
-18076.718297088002  15088.89552192       1        1.304305            
-12240.55780992      -10644.45066432      1        2.264393            
17310.227983488      -21773.207655936     1        28.434569           
-2602.959422976      -26388.185041152003  1        1.05599             
-29563.43201856      20910.203373312      1        17.771845           
-1397.512486656      -3377.407942656      1        0.553123            
345.819057408        -1934.7082951680002  1        2.149215            
-25914.75144192      -19820.605064832     1        2.157466            
-20036.665934208002  -19701.996412032     1        1.865102            
-23911.113333888003  -13013.818633727999  1        0.466177            
-14770.200348288     -20487.507562368002  1        2.070545            
31105.3605984        25031.541845376      1        20.625938           
-31161.022979328     -12120.579605376     1        53.790175           
-24900.410886912003  -26509.473251712     1        1.378324            
26945.95470336       31202.280122112      1        54.719767           
-16283.883331584     23489.531188992      1        31.614335           
15414.053821056      -4528.772873856      1        0.909866            
12724.682281344      -3791.8639123200005  1        1.279037            
-28088.244543744004  7050.497439744001    1        23.790374           
2945.501856          26912.527019136      1        1.372956            
-14908.257923328001  5572.892730240001    1        36.635685           
24439.794103296      -18632.119004928     1        0.963034            
21165.176571264      -9724.942313856      1        0.307623            
26787.773890943998   -11004.095596031999  1        0.551183            
-23748.387734016     -29370.339706752     1        0.482086            
6725.598244992       -28596.040856064     1        1.143809            
-522.1758009600001   -28412.969929344     1        0.350598            
-782.364882816       -5481.937435392      1        2.015344            
-29951.83914624      -23985.56641536      1        0.71362             
-25767.998581248     27857.92971456       1        0.330252            
25571.67953472       15308.871925248      1        0.210563            
-5487.512203008      26421.575710464      1        1.198256            
-8204.437321344      27989.316558720002   1        2.188496            
-5886.824245632      15670.065045887999   1        1.140388            
-4993.018728192      9481.043011968       1        1.989754            
-32121.091626624002  -7835.049421056      1        1.969973            
-23787.813443328003  -19873.253144448     1        55.228867           
25632.417786624002   7186.277793024001    1        1.108925            
6424.555965696       5884.727270400001    1        43.979237           
6275.892813696       -463.49911872        1        0.590372            
-10054.856224512001  25059.446260992      1        0.597338            
-24697.622277504     -20456.575970687998  1        2.100696            
31043.294637696      964.1129287680001    1        57.869505           
23691.930337152      11108.009328768001   1        0.270736            
21137.49424512       1449.380034432       1        1.167556            
10829.185652736001   20494.841342976      1        0.866616            
8748.870349824       5503.641048576001    1        0.961366            
-31113.806435712002  -5517.761432832      1        1.889867            
13080.768953472      -19367.331717888002  1        1.443097            
-27817.07651712      2029.122070272       1        55.150919           
9212.034724992       -14023.675556352     1        0.356851            
19659.055895424      -21157.174912896     1        1.678466            
14666.668030080002   -25348.939887744     1        0.964245            
-4659.7589913599995  -12481.833881088     1        0.200272            
-14667.588574848001  19805.997049344      1        2.032159            
26238.384082943998   -29550.896838144     1        0.618837            
-1417.4200719359999  -16348.752769536002  1        1.714956            
-29698.774630272004  -9614.868012288001   1        1.692182            
30219.89148288       -17411.233631616     1        43.206879           
-20707.331078016003  15536.991609216002   1        1.835558            
-17760.079865088002  -24179.270277888     1        0.22252             
21160.673626752003   7891.057810944       1        0.755809            
29304.43224192       -21584.067892992003  1        0.910492            
-15136.046082432002  18830.179361664      1        1.856042            
9629.252328960001    -15755.109220224     1        2.25618             
-11994.458534784     -23414.505181056     1        0.556087            
11385.28803456       31512.727407744      1        2.035717            
26403.64600896       24125.379784704      1        50.573791           
-28801.191982464003  21707.688043008      1        1.31804             
19565.936032896003   28046.692891008      1        2.035594            
21410.175055104      936.2390906880001    1        1.665319            
-1560.273492096      6007.16616192        1        2.093297            
-25989.716294784     -29759.516100864003  1        20.059111           
-26587.655183232004  18317.833433855998   1        1.340433            
-26337.680607744     14414.366343168      1        1.521477            
15739.028654976      -31912.839294336     1        0.917056            
7509.434068224001    -16052.242402944     1        1.670285            
26680.721937407998   -31952.182927104     1        17.353883           
3430.4841077759997   14730.41414592       1        0.280613            
24675.8301504        30608.037896832      1        20.508576           
17894.659647744      -3166.567785216      1        0.822017            
-16975.745145216002  4051.49133312        1        0.48678             
-9864.863509248      3324.230388864       1        1.76664             
29259.340032384      19975.681452672      1        0.873775            
-28619.178394752     -13150.476079488     1        50.496629           
-26559.564083712     -22528.558090368002  1        1.354181            
-30917.93639616      23669.069605632      1        1.180557            
-32063.38698816      16598.482724736      1        0.761185            
17020.620093312      7889.940926208       1        1.105623            
-19785.970372608     -2404.52891712       1        1.226707            
-29737.921923072     -10444.780963584     1        1.533626            
15221.452359167999   7672.922497152       1        1.873886            
-4220.630168832      14862.750503039999   1        0.812337            
17250.547070591998   -16761.498006528     1        2.249384            
-8805.041283456001   25844.394140928      1        1.506989            
22356.546575616      27641.789987328      1        0.849484            
29735.293864320003   10444.220911872      1        18.197458           
-8950.403670912001   17689.167340416      1        1.572976            
-4302.034007040001   -11317.565229696002  1        0.97912             
-8126.466213888      -14410.952924544     1        1.609757            
-14832.583349760002  -18712.909683072     1        1.398367            
27344.967408000004   18859.242504960002   1        1.354382            
20272.891883903998   -4426.125694848      1        45.189077           
3967.13756736        -1626.254986752      1        1.430051            
-9065.996413056      -19509.895456128     1        1.550327            
-3998.06111232       -14690.87256384      1        6.388969            
11757.65804928       -2329.652578176      1        57.907936           
-8751.606234624      21408.5399616        1        2.213834            
-21003.756149376     9072.662315904       1        1.868072            
22115.386377216      -23415.73793856      1        2.269976            
-10745.9117568       1255.476613248       1        0.963625            
-23262.389986176004  -2559.183656832      1        37.956897           
2274.5244994560003   13960.505585664001   1        58.832317           
23705.030397312003   -139.49471923200002  1        1.258272            
-18028.256121216     22006.968090624      1        42.595056           
4942.503029376       29365.629156864      1        0.40208             
-28287.788715648003  14815.817203968001   1        1.880731            
-11260.533297024002  3686.99905728        1        6.794099            
4689.49162176        24023.163909888      1        25.482684           
27043.146206208      -24.833787264        1        2.243022            
12756.210939648001   -20766.59678016      1        1.928618            
-5843.981899008      13118.054235263999   1        1.205138            
-8701.158128256      4691.419615872       1        2.249695            
-30054.16928448      15965.76269376       1        1.42883             
-4948.663598208      23886.631992960003   1        0.501264            
-28296.455033088005  -14613.298964352     1        1.316454            
28777.536235008      -9156.356250624      1        0.938799            
22198.779364608003   10592.420572800002   1        1.984215            
-10421.189589888     -16411.362688512     1        1.314953            
31212.311163264003   1299.5468893440002   1        0.55842             
-1498.407090048      -1292.494743936      1        1.756066            
21300.435497088      2672.824264704       1        0.978307            
3602.391015168       28840.025453184      1        0.681756            
6346.41587712        5873.487611904       1        2.234835            
2006.5349272320002   19963.511593344      1        1.744106            
-12307.356851328     -20450.584382976     1        1.843901            
22890.266201088      -19094.160057984     1        1.719685            
-12164.854268160001  24306.521107968      1        0.604083            
6.356908800000001    -1132.1686759680001  1        5.396423            
-15896.023380864     12257.578232064001   1        0.353563            
4677.3394652160005   -13956.723627264002  1        1.1895              
-902.932107264       -4602.355300224      1        1.244226            
-8185.1654269440005  13509.781439616001   1        1.765782            
5450.9736568319995   19532.033592192      1        0.541591            
4348.804762368       -26862.283299455998  1        44.645953           
22626.008697600002   27910.323517824      1        1.213519            
7288.815536640001    -7481.412170496001   1        1.384982            
-6769.354699008      -13946.684539392     1        43.633607           
15562.552819968      -4380.898300416      1        1.935948            
12119.61560832       31442.556790656003   1        1.381488            
12970.604528639999   31050.187458048      1        0.550004            
14990.833363967999   -30512.441253888     1        1.63459             
-11990.594499840001  -14988.371067648     1        0.384419            
-5129.951371776      -281.54346739199997  1        38.372691           
29859.987446784      22030.26173568       1        0.86415             
26739.47586816       -15566.962422528     1        0.801254            
-18353.671915392002  30186.230443776003   1        1.407647            
5483.564482176       18017.553983616002   1        1.852719            
31714.019327232003   -15883.258064256     1        25.592036           
-12934.894794624     1887.383925504       1        0.779408            
5982.948753408       -14913.262983168     1        1.809984            
-23659.228467072     -7653.872692224      1        1.048161            
12915.73394496       5863.314948480001    1        0.28801             
-25677.876926592002  4545.159214464001    1        0.498888            
-6998.864856192001   15154.989670656001   1        27.039674           
23315.107267584      -11757.715985664001  1        24.125321           
7297.119751680001    -1521.541410048      1        49.870025           
22310.660959488      1299.992677632       1        58.339501           
-3321.624860928      -8624.477714688      1        52.365392           
4643.493351552001    -24080.253778944     1        1.29156             
19456.331659776      -6272.328116736      1        0.599382            
-14849.991623808     4021.0602474240004   1        57.487257           
13817.965987584      27433.399251455998   1        4.442851            
-2196.910666368      25749.396173952002   1        28.303062           
-9603.222799104      -28380.380713344002  1        2.063465            
15875.467229952      -9030.341396736001   1        22.181769           
-19249.6049856       -12014.958358656     1        1.312893            
-25029.592929792     -17126.807829120004  1        42.407476           
-25074.912056832003  -32096.336697216004  1        0.810544            
-2685.8068427519997  -22904.145183744     1        0.837132            
-9189.511955712002   18899.99109504       1        1.993046            
6705.399368448       12014.38060416       1        1.530269            
-11923.183907712     -23540.814544896002  1        1.283201            
16732.748685312      -8400.193097472      1        15.142707           
-24582.293467776002  -12643.399143936002  1        1.234442            
-16108.139748096     1038.041364096       1        0.515014            
-14163.344084736     -27283.704509952     1        2.107558            
-4525.420610304      22750.37880192       1        42.860843           
-4736.268814464001   -11966.641023744     1        28.874429           
-3973.045469184      22354.101982080003   1        1.386155            
10558.786892544002   7979.140426752001    1        1.17884             
12616.196402304      -15239.345045760001  1        23.908713           
-10598.194899072001  11989.136434176      1        16.142673           
11829.235233024001   13408.412079744      1        1.969705            
-31741.593827328     15192.073784447999   1        2.065873            
-15138.049715711999  9126.607526784       1        0.31897             
-28472.430362112     27022.417855488      1        35.337141           
9060.642125568002    13482.100722816002   1        0.528511            
7771.90037184        21631.53066624       1        0.777415            
-8319.803145984      15133.35364992       1        1.938346            
-6894.788579712      17919.068568192      1        1.85567             
18496.1503584        16964.032339584      1        0.814338            
-21282.064835328     6984.900578304       1        0.324058            
7259.583412224       16465.317555456      1        1.098283            
31195.487081088002   -6450.736773887999   1        1.3659              
17117.998280064      -30960.939677184     1        1.141657            
-23099.155833599998  856.4124096          1        1.893062            
-37.267579008        27792.355383936003   1        0.286091            
25807.221513216      -25377.718177152     1        1.65021             
-19213.103454336     19437.019531776      1        0.714392            
-14948.995248000001  -7032.799483776      1        0.239977            
20510.97662592       -27311.12290368      1        1.285335            
9339.990447744       -8242.507963008      1        57.1568             
-17957.255082624     2692.241000064       1        0.6431              
-16207.304306688002  15266.734471296      1        21.776026           
-13093.333102080001  27601.535465856      1        33.801942           
5395.734533376       -24422.604700032003  1        0.553803            
786.562051968        -5947.966442880001   1        1.293815            
12459.932318592      -1707.539733504      1        0.47597             
-14818.215126527999  22097.400348672003   1        26.646803           
-23403.041823744     -13141.428347520003  1        1.21767             
-31711.746933504     24849.953124480002   1        1.770848            
-26628.514818048003  -3393.799111296      1        2.192933            
-1113.8623879680001  -15464.067404544001  1        0.755643            
5338.0331136         16319.470755456001   1        0.604884            
31221.592250112      -31223.0438784       1        0.427389            
23426.226033408      -32161.495817088     1        2.115523            
25811.283497472003   2492.371740672       1        1.410667            
-15470.973099648001  25960.994332416      1        0.506898            
12177.788565888      5056.264338048       1        4.507876            
-25596.706443264     30087.914009472      1        1.568655            
16239.595794048      29204.704412928      1        54.503903           
7392.679379712       -18864.572652288     1        0.365637            
-13401.965047680002  -2886.0349858560003  1        24.256247           
14631.671235456      25498.38196224       1        2.090883            
21532.444965504      12456.913189248      1        0.617393            
-20989.513454976     1353.408414336       1        1.117108            
-2679.25198464       -1638.551984256      1        1.127891            
-28319.3447328       19040.264736768      1        0.264361            
-22044.195436032     -31748.963013504     1        1.167193            
13926.20885568       26780.776463232      1        0.780586            
-10101.14417664      27758.948621184      1        1.317444            
22529.378855808      15439.803325056002   1        1.383926            
26706.088417536004   9844.980064128       1        7.626814            
19557.250403328002   8448.777583488       1        0.881363            
11506.872364416      -5066.485281792      1        43.45573            
15174.873115776      -29696.267272319998  1        1.205253            
-18870.012235008002  -23066.6873184       1        1.360667            
12374.114049792      8334.98569728        1        0.338187            
13991.253712128      14291.863077888      1        57.445344           
-15331.309399296     19555.175958912      1        38.26817            
8043.716964096001    12780.639172224      1        0.407952            
4075.9581899520003   23653.452531456      1        0.221518            
-12646.29757248      -8957.03738688       1        2.053197            
-3988.8138216959996  -19614.13749504      1        1.208587            
-13923.950946048     12291.263411328      1        1.879143            
-15965.997657984     -16728.37448832      1        17.083077           
-4751.687939328      17811.358392960003   1        2.198248            
-1209.402703872      -3696.677652096      1        2.051906            
6101.2918644480005   21077.649179136002   1        9.737148            
23513.901485184      15043.893435648      1        5.284171            
16028.811963648      -19113.863256576     1        2.099497            
17664.974072064      27901.425454848002   1        2.034606            
-7006.3965861120005  -18488.253307392002  1        0.320239            
-269.663289984       3421.1708340480004   1        1.334263            
23505.420242304      6905.302424064001    1        1.745099            
15913.510512768      -19639.384883712002  1        1.50904             
19943.792301312      27632.713287168      1        0.259702            
13442.285552256      -8756.90741376       1        31.347713           
-20843.167758336003  -30007.158736896     1        0.929133            
-19625.737646592     27994.32161856       1        1.128407            
-10743.872717952     -30129.763390848002  1        1.014191            
11364.810741504001   8749.300044672       1        0.629498            
19566.877499136      -15697.085931648     1        1.947874            
7120.542528          25695.356011776003   1        2.193829            
22733.487127296      -11872.827533952     1        1.459838            
18174.275121024      -18483.901641216     1        1.742789            
-25470.189474048002  -16102.233455616     1        2.099646            
-16861.584719232     346.60602662400004   1        0.425799            
-30908.333440512     31701.42942912       1        13.835833           
-23024.586879360002  -517.577905152       1        0.655022            
16858.543059072      -16366.930310016     1        2.285931            
7245.343936512       22677.171352704      1        0.76433             
13863.051759744      -28587.46948992      1        1.017715            
9206.897698944       -8967.913333632001   1        24.90846            
-27796.52519424      30494.854342656      1        0.258599            
-16027.213885056002  30741.888646656      1        0.857086            
10017.311838336      2260.695406464       1        1.699233            
-9652.208011776      -10583.356747392001  1        1.575602            
18042.004747008      12988.440888192      1        0.90427             
-22575.898553472     -17930.614002048     1        0.451821            
-20617.315640064004  -20349.662420736     1        50.474219           
-11612.450158848     -4668.100221312      1        1.643444            
-8308.655220096001   -1667.251415808      1        1.074562            
22672.375507584      -28815.140166912     1        0.681107            
15518.7432576        10901.097580032001   1        1.723555            
-23418.27265536      2065.924548864       1        1.703355            
-21047.345231616     22048.617913344002   1        1.270041            
-15017.017390848001  29296.005716736      1        1.548005            
28889.92155456       -2059.0977116159997  1        2.094976            
