trucks_count 15
drones_count 15
customers 1000
depot 0 0
Coordinate X         Coordinate Y         Dronable Demand
7683.500715264       158.718333312        1        1.989229            
-4363.40634048       1275.873439104       1        15.587198           
267.928417152        -1764.2320945920003  1        0.950248            
6502.406372352       -4400.467923456      1        0.869934            
-7795.506229632      6114.668731776       1        16.969012           
-6575.906722176      510.89912755200004   1        17.478818           
-5849.160768000001   -4190.66740224       1        2.027156            
-5733.791724672      -2022.75228672       1        1.089542            
-3926.57405184       4667.41142208        1        1.370977            
6848.733982464       -1462.108336128      1        1.13102             
2356.17617664        -1840.4441890560001  1        1.219321            
-5586.615606528      5810.467310208       1        53.060431           
1430.1966539520001   -6905.0433196799995  1        50.292201           
-3481.136600832      3703.4127567360006   1        2.172413            
-5245.235119872      5076.21698496        1        1.664717            
-3454.427927808      -461.540547072       1        2.121189            
-5843.650374144      1871.050693248       1        52.144607           
-2875.5742498560003  6894.648566784001    1        1.455809            
-7682.317847423999   33.599884032000006   1        2.241075            
-7285.42786752       6077.640945024       1        1.391993            
324.31661222400004   2316.705405696       1        0.982132            
5906.778501888       6271.043860224       1        0.993444            
4978.430024832       -2078.437198464      1        1.986585            
7669.470454272       6986.194490880001    1        6.158451            
3585.6988992         7168.692491136       1        1.904359            
367.87189824         -3690.5122552320004  1        1.592927            
-41.313469824        -1911.5675377920002  1        19.376837           
4890.48259392        2979.747086976       1        1.372228            
-1353.150919296      1737.570092544       1        2.083949            
6107.272186752       -7192.290302208001   1        0.538965            
4166.08467264        4069.810495872       1        1.437353            
3842.5373268480002   -2264.721985152      1        0.295585            
6398.402516352       1039.439884032       1        1.076796            
1356.2070635520001   -7618.772899584      1        1.679993            
5280.503893632001    5995.075160448       1        1.216799            
-5808.00984192       -2164.218452352      1        1.874904            
951.836852736        2840.49216           1        0.224693            
3607.1723761920002   5855.839545600001    1        1.236706            
1471.7177291520002   10.649029248         1        0.27309             
1254.573771264       -3036.471634944      1        0.807963            
1160.27265024        2015.355741696       1        0.864828            
-8000.7603540479995  -5104.061854848001   1        1.978418            
-5062.885179264      233.325911808        1        57.391332           
6612.554703743999    -5881.188322944      1        0.882043            
1861.3704890879999   1617.110694144       1        2.249947            
-769.375867392       -4018.599560448      1        59.305192           
-7847.061564672      2924.6576325120004   1        17.754431           
5651.496309888001    5938.8800866560005   1        1.845418            
6866.401360896       -6287.830927488      1        1.586149            
-7163.80169472       4400.5274691839995   1        1.649703            
2815.9094304         250.249773312        1        32.964507           
1983.6886798080002   -1379.927184768      1        59.368143           
-682.783504128       -299.275219584       1        1.884726            
-6061.228854912      2346.39941184        1        2.154907            
-7611.706270080001   -5984.427740544001   1        1.919257            
4492.95048576        2929.3182927360003   1        0.718134            
3191.848970112       -4683.635218944      1        0.679745            
-7972.105984127999   -3161.630317824      1        2.100024            
-208.661105664       -1563.781862016      1        1.294189            
-4192.3700881919995  -5512.407145344      1        1.045799            
-5700.611879424      -6573.930447743999   1        2.096889            
-863.934483456       2623.396482432       1        0.789234            
-1970.624025216      -4571.407615104      1        1.745851            
-1942.941699072      419.89877107200005   1        0.517129            
6743.7146304         -6930.441986688001   1        17.143278           
4283.943371136001    -7696.510652160001   1        1.929457            
-233.691232896       2254.9725792000004   1        0.449058            
-4130.26872192       7938.687955968       1        0.366468            
5734.9053907200005   -5774.508127872      1        49.096216           
-2282.421550464      -1180.403934336      1        2.038298            
6597.706896          3181.5443404800003   1        0.492881            
-7849.045885824      1640.3608869120003   1        1.142573            
6203.725000704       -4065.592405248      1        1.76913             
-6243.203818368001   5636.99290176        1        0.710446            
-1214.744116608      -7005.757676544001   1        1.925243            
2555.28421632        -6496.717341312      1        1.496466            
5875.290077184       -4391.322021504      1        45.822648           
-2525.5548046080003  1902.3073724160001   1        54.594873           
-1912.298179968      -4737.073486464      1        2.20083             
3589.25554944        2958.936659712       1        0.78428             
-7005.628929024      -2646.500224896      1        2.085672            
-7642.290243456001   5312.5652448         1        9.853467            
2762.5805982720003   1557.865913472       1        0.428615            
3159.468968832       3904.883313408       1        1.09202             
6261.539074560001    1595.287989504       1        2.071556            
5595.52010688        -4226.216201856      1        1.251705            
-6692.123889791999   3034.1815384320003   1        32.325454           
3482.264750976       -3765.216394368      1        2.217552            
5331.753453312       4751.658971136       1        1.217579            
-2090.463826176      7638.79957632        1        1.058406            
2279.13687936        4789.465680384001    1        31.215476           
1576.180248192       -465.858417024       1        0.28853             
-6256.448719488      -3069.96047424       1        1.874622            
-6493.112410752001   -351.696381696       1        1.436598            
3930.312557952       -2953.239581952      1        0.301384            
2087.082594432       6380.337629952       1        15.709097           
6312.944740608       645.92630784         1        13.128289           
-7039.186970112001   -7145.377924608      1        0.43354             
5940.299528064       -2217.391178112      1        0.565669            
-907.161463296       -5575.231107072      1        13.441009           
4168.42626816        4820.769030528       1        0.889573            
-1484.60374656       7623.972690048       1        2.176536            
3577.433308416       -7491.5091947519995  1        1.101867            
-2889.445185792      -7182.769423104      1        14.341342           
6589.2900268799995   6753.8454508800005   1        0.594499            
2125.0856436480003   7216.285621248       1        1.107382            
-3833.301301632      4232.648749824       1        0.478133            
573.3561588480001    1627.01459712        1        1.201657            
329.00302195200004   2297.65238208        1        1.404182            
-6696.523836288      -3750.965653248      1        1.630691            
4009.8688692480005   -5192.305405056      1        0.524226            
2127.663812736       7920.186937344001    1        1.782746            
-805.5378270720001   -3852.970704         1        0.90981             
7256.683374336       -7737.172337664      1        41.445516           
-4740.749228160001   -2698.20201024       1        2.170733            
-2596.70873088       5305.369867776       1        1.080864            
-325.628227584       -630.169220736       1        34.163759           
-5364.65166336       3715.434556416       1        0.686126            
-5056.042248576      -3095.24326848       1        0.978336            
7384.524833664       -4455.233899776      1        0.800816            
-500.86164902400003  4932.2273679360005   1        34.183656           
6352.013175552001    -6082.190560512      1        0.46527             
-4705.8425568        7822.445038848001    1        0.891505            
4628.645543808       -3402.199886976      1        1.615873            
-6253.577649792001   -280.45233216        1        4.50753             
-4847.104335744      6376.2772550400005   1        1.695116            
-6700.828831488      -2474.936107776      1        9.265251            
-7539.033123072      -6794.442762624      1        2.106927            
2060.6185416959997   6583.903552512       1        0.344587            
6446.447872128       -3596.009966208      1        2.204364            
-7716.102806016001   2663.4852414720003   1        1.379517            
-3795.6104651520004  -6539.735106432      1        15.343255           
6539.752809216001    2532.259331712       1        1.252806            
-7817.1953587200005  -6464.787956352      1        0.773017            
-7403.635793664001   5147.013636864       1        55.563066           
588.984498432        6595.120680192       1        27.134462           
7042.275301248001    -1021.7129598719999  1        0.718204            
-6451.794112896      5712.176625408       1        1.208124            
6702.291725184       -7122.8358432        1        1.500638            
-2007.346036608      -725.030393472       1        18.351242           
5913.74374272        3693.42033984        1        42.446937           
3459.8530264319998   2788.608518784       1        1.304137            
-7643.188257408      6032.24778816        1        1.847287            
4023.6110576640003   3356.631311616       1        1.616786            
6945.659943551999    702.666949248        1        22.614664           
7702.359008256       -3541.944054528      1        1.021684            
-5606.220635136      -3637.315389312      1        8.733927            
-6039.217857024      4364.125717248       1        2.042107            
-2926.4617071360003  -4796.636917248      1        0.354021            
5193.786001536       -2312.403629184      1        1.468965            
-331.003436544       -3273.6245667840003  1        2.20733             
-3287.790012672      -7641.739847808001   1        1.698273            
-2082.315717504      4900.632726528001    1        1.569493            
2050.8514329600002   -8016.972885504      1        2.067902            
4078.0857427200003   1630.138333824       1        1.790937            
2966.684041728       8016.173041536       1        1.119337            
-2838.052394496      3452.2376106240004   1        10.874584           
-3160.127190528      714.4521753600001    1        1.505395            
8029.44369216        -3098.093416704      1        1.564417            
1256.818806144       -7535.774201472001   1        1.512085            
-6121.057827456      6919.912048896       1        1.099344            
1994.8639645440003   5761.44347328        1        0.508132            
-401.50879718400006  -4634.503555968      1        0.38764             
2959.4693525760003   7243.068324096       1        0.688809            
3064.128211584       -4616.646274944      1        1.455834            
-6828.811913088      -6199.098136704      1        0.675812            
7282.411956864001    -1794.7726156800002  1        21.683608           
6579.991237248       6079.939088256       1        1.666454            
-7560.9700911360005  -1594.204900992      1        0.261014            
4847.857508736       -7986.092792832001   1        0.996021            
-7267.412870784001   6702.2740224         1        1.104159            
4158.845843328       -4378.540611456      1        28.703399           
-6977.272287744      6522.064509311999    1        1.91317             
-1620.751030272      249.19082496000001   1        0.393335            
1952.646043392       3274.215196032       1        30.502191           
6699.921161472       1717.59652416        1        1.075983            
1702.3592551680001   -5601.25741824       1        24.858828           
873.960696576        7488.509377536       1        1.112773            
-1216.075044096      -6023.75045184       1        32.762127           
-1820.5752280320003  5482.6358906880005   1        1.296598            
-699.708974976       -4908.114566784      1        0.388086            
3282.8010462720003   2363.550190848       1        0.50565             
-2070.693035136      -2121.078377088      1        2.118315            
13.083966720000001   -5682.131782272      1        1.460638            
-4188.6798624        -2395.458654336      1        51.425934           
2464.201783296       1067.473047168       1        1.219912            
5933.475909504001    -6936.68302272       1        36.594808           
-3221.6556303360003  392.324270976        1        1.046071            
3087.565088256       -6602.56711488       1        1.935542            
3133.254364416       2352.04016256        1        0.685008            
-963.424129536       5277.985270272       1        19.054487           
-2927.538358272      -1996.470089856      1        2.079022            
1739.028158208       3624.191188992       1        1.409573            
7342.823511936       6272.809310592001    1        1.680139            
-4518.453760128001   -1627.13529792       1        0.7367              
-6465.90966912       -6779.646453888001   1        2.229656            
5122.438953984       -3761.959082112      1        25.036361           
540.898909056        -1360.640806272      1        21.540926           
-5950.325741184      4039.216866432       1        0.977039            
-1037.3332527359998  -7881.340591872      1        1.349444            
-6112.79545536       7703.171726976       1        19.416903           
5644.799829504       -5161.65705792       1        23.264988           
5622.523289856       1705.8306101760002   1        1.900072            
-6651.6118732800005  7973.80867008        1        1.252913            
33.957158400000004   -91.582939008        1        1.402982            
-7666.750662912001   1072.682493696       1        1.368172            
-3414.1830624000004  -3034.49053248       1        1.809353            
-3436.406493696      1347.80145984        1        55.931532           
5556.744572544       5097.58102656        1        2.020998            
-1227.111925248      2329.374161664       1        1.654303            
4250.1036948480005   -6100.9056218880005  1        1.90977             
-3204.971561088      -2368.437768576      1        1.048349            
-3670.416376704      2926.046496384       1        0.488698            
-3641.7539600640002  -4243.29295104       1        12.950072           
-8032.585131648      -5025.028580352      1        1.388628            
-7468.745023872001   7470.582894720001    1        0.827836            
1615.206840192       -2762.292525696      1        1.988796            
3385.6510026240003   -5403.266263296      1        0.845298            
-95.974838784        -2829.397342464      1        1.904155            
1332.8908876799999   -7984.097206272      1        0.576539            
-870.5633713919999   -6427.84868352       1        1.570206            
5477.317008768       1279.748739456       1        1.080519            
-555.3749583360001   2632.785395328       1        1.881514            
141.96828096000002   6753.069747072001    1        1.67961             
-2996.9348808960003  1417.712972544       1        2.22171             
-6214.2855160320005  7638.1510106880005   1        1.352083            
5010.452751744       5318.695236096       1        0.205394            
3617.9533716480005   5242.739027328001    1        2.70986             
-1804.9549351680002  3600.047810304       1        0.495192            
5785.490291328       5000.92382592        1        1.616091            
-5992.678847232      -6260.858322048      1        39.374294           
2782.143783936       -839.22461568        1        0.956965            
-6972.661517184      7659.2301984         1        0.596693            
7528.414671360001    53.227443456         1        2.004355            
-4850.665814016      -5212.414158336      1        1.320416            
-4784.640867072      -3766.811254272      1        1.491433            
-7371.427992192      -590.42003328        1        0.550328            
1373.729601024       -5428.18051776       1        1.575732            
-6681.6052174080005  6737.756838912       1        0.888155            
7657.905708288001    2031.228701568       1        0.767062            
-524.084482944       -3694.670800128      1        1.580718            
4835.307844224       -2329.3645056        1        1.06386             
-5775.0778356480005  -3113.5946181120003  1        2.121912            
-2840.8413876480004  -933.594938496       1        27.101345           
2047.338235008       5123.439965952       1        0.530799            
8012.177040384       -6686.814663936001   1        0.795221            
-4943.457370368      -138.3633504         1        2.033073            
-2469.2148898560004  -1637.9951512320001  1        1.007561            
188.52660288         223.370509824        1        1.996773            
-4874.18798592       568.6230781439999    1        2.101671            
-1811.1444721920002  -4888.709096832      1        0.813265            
7671.939187968       6055.32578112        1        1.793713            
-1342.720760832      1198.16465472        1        1.077281            
-5576.592612096      241.43217753600004   1        1.372738            
-1992.5175409920002  -1503.708269184      1        0.586806            
2713.809428352       6230.80060416        1        8.979555            
1606.649958144       -6313.5997436160005  1        1.412681            
-5634.733382784      4672.6643208959995   1        2.119265            
-2543.965699968      -7683.577963776      1        1.682074            
-2458.12007232       4850.042997888       1        1.98912             
-3811.792419072      -1981.567564416      1        1.266107            
-260.467498368       6057.318148992001    1        1.710804            
7048.880049024001    -1294.160414976      1        1.527875            
-5144.255221248      -6101.9774449920005  1        1.721481            
4109.7367111680005   3614.1070394880003   1        1.916279            
4338.756018432       1812.7425507840003   1        1.006887            
-1454.370610176      -1136.3127367680001  1        0.236498            
2112.099846912       -4898.4214878719995  1        1.747953            
6896.73910464        -7324.871279616001   1        0.44398             
-3849.541191936      679.823920512        1        2.1537              
-3794.1395247359997  2077.758055296       1        0.469079            
-1071.366050304      6534.372772224       1        1.012833            
333.227549952        6607.203634944       1        1.586438            
3928.3765171200002   1291.043115648       1        0.371392            
-746.400872448       -6779.678640768001   1        1.086161            
-7243.161666048      2167.656011136       1        5.587703            
599.244066432        4934.877957504       1        0.474818            
6746.588918783999    7993.191609216       1        2.110195            
-3851.0571939840006  -3968.957735424      1        1.484633            
-7087.9195157760005  -6685.668811008      1        1.373482            
3396.9630816         -4089.072734208      1        0.726852            
5196.904910208001    7833.480310655999    1        46.952547           
4685.786911872       3378.025930752       1        1.028574            
-718.496456832       -6023.673203328      1        2.073241            
-3825.566794368      -7441.030510848001   1        10.06401            
-4786.016856192      -4328.090895744      1        1.140023            
1015.843682304       -2089.074962304      1        7.279082            
-5659.195411584      -6517.044965376      1        0.930651            
7445.345162112       -3872.260301184      1        1.749438            
-2152.434835584      -2716.600030848      1        4.10985             
35.749967616000006   306.37403596800004   1        12.361823           
2010.2106689280001   808.88043456         1        1.833147            
2679.145767936       6444.001669248       1        1.487084            
-7210.928115072      4503.200397696       1        1.221521            
-6308.533528704001   -6557.803211520001   1        0.248951            
4272.73589952        7776.314802432001    1        0.55034             
363.657026304        -7765.689913344001   1        0.591978            
2794.661261568       -4813.353173376      1        1.105866            
-841.6772559359999   -4541.697515520001   1        30.082502           
5620.725652608       3336.203908224       1        2.077219            
-3440.1884520959998  7226.0720421119995   1        1.415796            
-5818.36597056       -265.47738624        1        1.451085            
-1735.5568032        451.32121267200006   1        1.664709            
-5604.838208640001   -5177.7022176        1        34.726714           
4229.3962656         -3917.688863616      1        1.066382            
-2218.720496256      -4087.4859210239997  1        0.827807            
2174.04671616        657.8177506559999    1        0.311696            
6118.62128064        4236.384037248       1        51.960508           
3018.667462272       -7204.722484608      1        1.554193            
-7408.05988032       -7256.2037898240005  1        2.183974            
2435.64558336        2160.5732881920003   1        25.102639           
6424.045803648       -7876.593027072001   1        1.2529              
-5328.125991936      4233.554810496001    1        1.722472            
-5352.934029696      6907.050171648       1        0.40721             
-6000.480946944001   5452.333552512       1        48.114953           
-2690.591422464      7974.640700928001    1        1.327279            
-4885.461440640001   6830.339180544001    1        1.702749            
6326.47610496        -3368.265259392      1        0.411758            
5841.585585792       -2406.506800896      1        22.396563           
-7419.708312192      1564.399850112       1        1.586516            
-2258.8945505280003  1680.938886528       1        0.340082            
-7134.320121984001   6076.078272000001    1        50.749882           
6844.913399808       -735.3124922879999   1        0.250788            
4209.002658431999    5429.295793152       1        1.637479            
3639.357646848       -4984.297693056      1        42.161313           
2789.4807832320002   -1855.0264550400002  1        32.794337           
6786.886892544001    2268.4942874880003   1        0.414948            
1485.305420544       7026.632477568       1        48.942561           
-3484.770499584      5753.762074368       1        1.715192            
-1446.3319368960001  4482.063273600001    1        1.783806            
-5964.819493248      -2623.69742976       1        0.710459            
-6005.551989888      3292.0756957440003   1        1.796665            
-517.563421056       -289.929758976       1        1.521366            
-6722.88971904       -7798.710433536001   1        0.809887            
4908.867739776       -1644.25067136       1        0.559078            
-2434.2824689920003  -947.036179584       1        1.432299            
-6315.310476288      -6605.449449984      1        0.644419            
-1724.600389248      4543.462965887999    1        1.434864            
3821.2328309760005   6114.530328192       1        0.92004             
-7524.404186112      -6067.0627269120005  1        0.206741            
-6387.034110336001   5275.159262208001    1        0.760935            
-4038.989948928      -3459.10790016       1        0.322893            
-1790.654304384      -6162.759149184      1        2.213974            
-329.74653888        2192.02308864        1        0.392467            
-5635.388385792      1349.151699456       1        3.588749            
-169.674747264       -715.6543553280001   1        0.811869            
-4619.5865464319995  4534.74514944        1        1.827949            
677.054239488        -952.776709632       1        0.823492            
3582.7811585279997   -1837.2979215360003  1        12.599232           
902.4316012800001    -6396.9814656        1        0.488922            
-3618.0193547520003  6958.032580224       1        0.529717            
6644.270045952       -2245.384107648      1        1.983327            
386.45982144         -1948.28793984       1        0.705453            
-7233.476633856      3720.965871744       1        0.696584            
-2923.547185152      6710.452708608       1        47.844995           
5527.897081344       -45.380282112        1        1.465597            
2058.788717568       7432.109917056       1        0.21858             
6890.990527872001    5110.590963456       1        0.89224             
2780.3718961920003   -4468.6252512        1        2.198571            
3039.4473120000002   2948.828370048       1        1.254607            
1043.598428928       4184.336242944       1        2.012952            
-6479.743590144      1465.9868551680001   1        0.231547            
-1631.85872256       7720.460909568001    1        1.587061            
-4334.835656448      -6533.788580352      1        1.972703            
-6571.596898944001   -2260.29950784       1        1.223839            
227.39226048         -1196.1046944        1        43.29893            
-1645.480210176      -6369.287874048001   1        2.092405            
-5776.87708224       -2340.475416576      1        0.796124            
2408.328578304       -3462.2493396480004  1        1.364523            
1851.2815115520002   -1444.8674338560002  1        1.753482            
-3026.786602752      6361.926734592       1        0.61083             
5461.732121472       -6969.759869952      1        1.946635            
-1408.2162336000001  1827.1574449920001   1        1.447578            
1963.2081680640001   -2376.8095760640003  1        1.182127            
-4022.44267392       5008.993076736       1        5.875887            
7399.280908799999    -2171.296347264      1        24.110392           
-5946.078682368      -4978.814658048      1        30.959679           
-4277.703944448001   -3381.8352480000003  1        10.667742           
-7884.757229184      -3431.6589288960004  1        1.063587            
-2692.147658112      3449.7592208640003   1        1.287317            
-2106.286896384      -3946.592681856      1        0.824813            
-5517.478188288001   -2337.123153024      1        1.595063            
-4753.947458304      -644.294433024       1        0.201885            
699.7830048000001    -4920.694808832      1        0.508491            
-5603.957897472      -2934.9558247679997  1        0.800612            
2329.4755503359997   -4698.598899456      1        1.300096            
2499.6572409600003   -3726.3748769280005  1        0.577703            
-5340.575877120001   -7612.21321344       1        37.189519           
934.645840128        -4944.897733248001   1        0.427521            
4436.013504384       6317.251345152001    1        50.398709           
-7303.864512384001   3070.663757568       1        1.755659            
-2909.58934464       7624.938296448001    1        2.241523            
7031.6069598720005   -7897.168490112      1        1.834567            
2357.167532544       -2078.142688512      1        19.411656           
-7774.407729792      3724.895889792       1        0.297903            
5323.273819776       8024.882811263999    1        1.739072            
574.984814976        -7037.641999872001   1        1.638467            
-884.4938530559999   7072.390955520001    1        1.049057            
-4731.316862976      4362.712713216       1        0.411113            
1902.640506624       -1388.8976682240002  1        1.111884            
-660.94953408        2694.616391808       1        1.786144            
-1052.10059328       -6039.517195008      1        54.48591            
2181.5864928         105.286503168        1        0.331259            
877.399864704        -5427.477234432      1        2.160393            
6558.00437952        -7487.390883456      1        2.016128            
-7278.465845376      -4063.4085254399997  1        1.116303            
-4044.3394083840003  -3897.4690656        1        1.457334            
7563.363185664       4767.9230016         1        0.723565            
-2493.853946496      -8043.873070463999   1        0.781644            
-6146.4468384        6584.693740416       1        0.759176            
4504.49752896        -5983.128999936001   1        1.178451            
1319.618627712       1770.1094188800002   1        2.089102            
2381.1274460160002   2797.720624512       1        10.547207           
-2514.677248512      -4071.85758144       1        36.549865           
-2181.842378496      -2724.212227968      1        1.072521            
-2488.46425344       -985.8728689920001   1        0.330366            
-2239.098009984      4811.537833344       1        1.853233            
1002.5472821760001   -2523.171366144      1        16.35253            
7675.463651328       -8039.769243264001   1        0.824123            
-2630.2764280320002  7134.497149824       1        0.421963            
-6401.983306752      5525.555485824       1        0.219591            
-6334.374765312001   955.8666501120001    1        29.602935           
7870.284398592       -5426.913964032      1        0.312557            
3307.424009472       -4541.697515520001   1        0.457712            
4888.7525491199995   2988.315234432       1        26.591313           
5762.940163200001    860.2973660160001    1        1.833808            
-1.075041792         -1672.8100899840001  1        1.226219            
-7639.172944128001   3249.40233024        1        0.820273            
-6420.254189184      -7171.700355072      1        54.800543           
7462.581236352       5593.54061376        1        1.519475            
7629.645627648       2933.6715682560002   1        1.461686            
1630.1801767680001   1394.9117867520001   1        0.329286            
7462.391333760001    -5592.861470592      1        21.177127           
6005.389446144       -5835.307534848      1        2.051319            
-4481.163650304      5817.181493376       1        1.746811            
-4849.61330304       4560.866411904       1        1.749932            
2845.315363968       6683.7150673920005   1        0.462352            
3099.4066414080003   -5615.768873088      1        1.131904            
-6971.1954048        -1756.141922304      1        0.599065            
2777.740618752       -1130.544847872      1        32.671418           
4741.55390016        2360.992943232       1        37.471865           
-5172.235276032      -5352.620207616      1        0.359852            
74.18110233600001    -4610.107510272      1        0.336045            
2732.366774016       1367.860323456       1        0.65177             
-561.028583808       -496.2106448640001   1        0.558123            
-3668.8070327040004  4957.677533952       1        0.67705             
6011.421267456       -4677.176921472      1        0.340785            
5204.731150080001    6303.214646784       1        1.092138            
-5873.448987648      1706.979681792       1        1.394547            
6881.910609023999    -628.273413504       1        0.501413            
4772.261793023999    7868.768396544001    1        0.55168             
-507.65951808        -4166.087891328      1        1.221019            
5449.816538496       -3071.9367486720002  1        0.529441            
2229.3920563200004   2906.9178336         1        16.754713           
2679.511089024       -6984.81850176       1        1.622893            
-5606.674470144      3431.5816803840003   1        0.322356            
7679.842676352001    -5331.227197824      1        0.71146             
2845.46503296        -7477.422606720001   1        1.28111             
3707.0305620480003   -1137.341107584      1        43.636876           
611.854886016        -2317.574451456      1        1.730787            
-2767.936495104      -2201.410392192      1        0.905156            
-1448.974479744      -5498.595755136001   1        0.329728            
-220.811652864       3064.020385536       1        2.123958            
-5296.186950912      6811.482496896001    1        0.647442            
2650.2837926400002   3527.03026368        1        2.151566            
-5287.977687168001   750.2616887040001    1        0.212795            
-4095.2831927039997  2018.43119808        1        39.512459           
2717.92452096        -6888.7567584        1        0.315692            
6098.808646656       -2991.105836928      1        2.009193            
1273.428845568       1628.6593466880001   1        2.015144            
-3372.6587685120003  -5711.63427648       1        1.041331            
-1395.362403072      47.031469056         1        1.711559            
-2238.9596063999998  -952.9167225599999   1        0.705532            
5484.203391743999    -2194.475728896      1        2.035518            
-3857.5010073599997  6713.5152902400005   1        0.775322            
-2142.751412736      4426.79840064        1        1.571252            
6239.265753600001    7694.97372864        1        0.619723            
3145.224665088       -4795.7308565759995  1        1.035993            
6273.882743040001    -6293.040374016      1        1.030085            
7896.704999040001    4437.527897088       1        1.301306            
3900.789142272       7278.906805632001    1        54.435132           
5082.739656192       2909.483127936       1        1.970776            
-3386.489470848      2467.957992192       1        0.884235            
4687.349584896       -3204.052625664      1        1.951822            
3292.115929344       -6374.2382161919995  1        38.058292           
5200.8832085760005   -4211.357128704      1        1.965693            
-5054.8368499200005  -2173.308027264      1        1.641025            
-7934.479521408      -6276.1873236480005  1        0.997728            
4251.217360896       -5936.29869888       1        0.578685            
2006.6186131200002   978.9945327360001    1        1.908364            
-3581.8654417920006  -7945.569510912      1        7.184177            
-4354.476090624      -5910.9998112        1        1.897579            
-7261.252301952      2845.5792963840004   1        0.638173            
-5773.29629184       6691.357842048       1        31.787911           
-281.540248704       5352.502725504       1        15.029338           
6201.959550336       -2697.537351168      1        47.968645           
-3784.385290752      1398.0371328         1        1.734212            
7321.181053824001    1794.037145472       1        1.294045            
133.19574681600002   7947.877310208       1        1.504702            
2036.636097408       -2411.07090048       1        6.027631            
6996.492683136001    1922.520733056       1        1.680361            
784.943051904        -6386.377497984      1        1.025715            
-3859.865133696      2777.211144576       1        0.922902            
1518.4627349759999   -5791.995259776      1        1.572062            
2227.14702144        -847.1184480000001   1        2.108797            
-5154.271778304001   -2744.6830836480003  1        2.034411            
-5970.917297664      6103.657600128       1        0.337163            
2028.9450424320003   5766.10252416        1        2.139431            
-425.869437312       7429.28712768        1        1.388866            
4242.449654784       -649.154651904       1        1.448678            
1506.157690752       -5601.811032576      1        1.709995            
-6734.48504256       4669.80934464        1        0.670379            
1946.707564032       -4196.641287168      1        0.67957             
6736.561096320001    -3154.896822528      1        27.419625           
4546.46117376        -4620.511919232      1        0.409237            
-5532.486930432      37.373795712         1        2.103847            
6171.341780736       -1081.514573568      1        46.18206            
-2098.573310592      692.650392192        1        1.595084            
5629.63819968        6904.768121856       1        2.748929            
-3557.303633664      -2223.395640576      1        0.789234            
-1367.873198208      -312.20468928        1        0.78705             
-7100.221341312      1293.128825472       1        0.869857            
327.660829056        -7843.738269312      1        1.386348            
2513.444491008       -4822.080645888001   1        11.830279           
2811.511093248       2126.033547264       1        11.710047           
1043.939609856       6032.027308032       1        31.293581           
7773.520981248001    -1810.97066304       1        1.423809            
3784.5607092480004   5822.841556224       1        1.444807            
7596.938929536001    -2481.5472929280004  1        0.542824            
5945.328728064001    4887.756365184       1        39.03733            
-7995.5042365439995  7770.509898624       1        42.782416           
4843.671604992       -3201.096260736      1        0.817117            
-1370.4916008960001  1805.360489856       1        0.476599            
-968.911992576       7054.92957312        1        1.232171            
1232.440463232       3870.0732026879996   1        1.175084            
-5633.658340992      -6862.793211648001   1        0.881789            
-4279.96185408       7422.782159232       1        0.422068            
2847.177374976       6676.756263935999    1        8.416669            
1386.692866944       -6873.651455616      1        54.48825            
-6550.213545216001   7350.667454592       1        1.139032            
-382.252996224       -5743.452616704      1        0.870493            
6595.399096704       -6605.574978816      1        2.052184            
-5432.366421504001   6347.714617728       1        1.144731            
550.14619968         -3891.6223188480003  1        0.233102            
6574.9958334719995   4888.326072960001    1        0.394306            
-6479.682435072001   -7174.8739814400005  1        1.490078            
-6693.458035968      7472.499623424       1        0.816025            
-7489.93525632       4639.28008896        1        1.838277            
5715.940881024       -38.707941888        1        0.870741            
5651.950144896       -1352.627882496      1        50.452438           
-3270.586125312      -4547.04858432       1        1.973659            
510.81222297600004   -2200.185681408      1        1.757234            
-8015.889796992001   597.48505344         1        2.134257            
7244.886882815999    5374.631205504       1        0.823542            
-2458.982680704      4097.972406528       1        0.82494             
319.472486784        -6973.055806464      1        0.694817            
-1166.563575936      1709.456462208       1        1.143295            
2132.644732416       2055.837180672       1        1.955622            
-7949.557465344      -5933.144384640001   1        0.699156            
454.38379430400005   550.04159232         1        2.186311            
-688.9489009920001   -5706.860962176001   1        0.875313            
2073.171424896       2336.604944256       1        0.874688            
4604.346058752       -4542.693699456      1        12.606122           
4567.096182528       3207.9053952000004   1        1.742494            
4038.579566208       -7983.234597888      1        0.982951            
6405.416037504       -3800.338717824      1        2.077738            
1215.363714048       1891.201289472       1        1.593356            
7565.044950144       5203.228022784       1        30.387686           
-4206.764060928      4992.151291776       1        0.493373            
7106.956445952       1675.8678435840002   1        1.790226            
2860.993593216       -3332.7760055040003  1        0.645551            
-5677.8058656        1207.7273767679999   1        10.891861           
681.389812224        -557.9853143040001   1        0.484649            
4802.230996992       5875.0712064         1        0.648543            
6134.516771328001    -868.8590760960001   1        0.946381            
-7018.082032896      4649.938774272       1        1.45575             
-2047.985191296      -3905.60429952       1        0.335664            
5687.9817477120005   3311.8030344960002   1        25.705075           
-1568.867389056      -2865.575395584      1        1.203462            
2435.087140992       -3042.627375744      1        0.456649            
4870.180719360001    -2294.2164326399998  1        1.674188            
-6459.081222528      -7275.335671296      1        12.798354           
-4874.00291136       -5243.793147648      1        1.968064            
-2149.264427904      -7861.317133824      1        10.289254           
6143.516222976       3015.92674944        1        0.349498            
5534.88807168        631.495320192        1        1.683979            
5096.002260096       2895.504365952       1        2.261995            
-3816.4627353600004  3390.6995147519997   1        41.03325            
3972.8185516800004   -7908.829796736      1        0.476874            
-320.809851648       -3234.3147302400002  1        0.435854            
5320.439764992       -4545.550285056      1        0.44031             
3069.8783976960003   -328.130757504       1        33.650476           
3480.541143552       3815.4182711040003   1        1.623178            
1242.643704192       -7898.681273472001   1        0.383751            
-3045.276355968      -1291.862271744      1        0.602377            
1111.80725568        -4701.130397568      1        0.215831            
851.9400426240001    -7140.903948288001   1        1.517976            
-7607.91626496       -5356.707941376      1        0.23373             
-4505.426120448001   4688.085055104       1        0.855098            
5518.514605824001    3122.307606528       1        1.347815            
-3483.6986764800004  1929.405506688       1        0.49785             
7146.795756672001    -6556.531829760001   1        1.729452            
-500.330565504       -5148.523201536      1        1.352202            
3565.83959424        -2732.11088832       1        0.803124            
912.525406848        -7777.890350208001   1        1.507033            
6542.982762624       7755.250098816001    1        0.583707            
4803.878965248       -7708.619356415999   1        1.258919            
-4211.654857344      -148.299440256       1        31.77899            
2929.968467712       -173.41486272        1        0.44464             
4098.900998016       2125.666616832       1        1.524433            
4058.229656448       -7272.763939584      1        0.327654            
5352.488241408       -7787.923000704      1        1.152235            
-301.29333696        4455.459207936       1        1.53706             
-202.08210739200004  -6988.537695743999   1        1.857547            
-7485.644745216      -6489.652321152001   1        43.409371           
-4274.831265408      -109.084555008       1        2.231359            
-5101.377469056      6007.394688768       1        1.401467            
-807.9100001280001   -494.657627904       1        0.349338            
-3064.533766272      -1506.439325952      1        51.934626           
-2489.6197624320002  -6396.915482496      1        1.266319            
-4026.6205309439997  -3105.980811648      1        37.303717           
-4836.860861184      -463.10804812800006  1        1.45262             
-1400.54770944       -4354.268485248001   1        2.121568            
6608.759870592001    7173.420743808       1        1.088618            
1193.289951744       -2294.9873084160004  1        0.724816            
-1430.35276032       7234.0865752320005   1        0.860795            
-1956.828728448      -7507.575275904      1        3.52074             
2457.028937088       5583.617398656       1        1.650639            
3695.055433344       6495.906231936       1        1.551785            
503.79709248000006   -6143.382647424      1        0.987429            
-5464.920231936      -3127.903295616      1        0.20889             
1282.761431424       -7190.6471619839995  1        1.411719            
-5253.399321984      -5270.299043328      1        2.114492            
-6605.405997696001   -6224.268276864      1        1.186374            
-7643.36206656       1258.1787018240002   1        0.869484            
5747.199169536       -2294.913278592      1        56.623897           
5042.974375296       3859.260020352       1        1.906325            
3463.96811904        415.97840908800003   1        1.115391            
7249.592604672       -3170.6362068480003  1        9.912627            
-5375.34575424       -7638.394021632001   1        22.198824           
-603.581248512       -2137.292517888      1        0.733516            
1781.8560207360001   3490.340439168       1        1.552909            
7329.647812608001    -2106.299771136      1        0.95655             
3712.021137792       -6936.708772224      1        1.485606            
1014.3292896         2127.290444928       1        1.667195            
7612.029748224       -7054.643109888      1        1.446396            
1581.378429312       -1481.8759084800001  1        0.632549            
3656.9123712         -548.301891456       1        0.460712            
7372.881229824       -6332.882903424001   1        44.476942           
1070.939574144       -19.679058431999998  1        37.800306           
-848.4799530240001   -6516.489741696001   1        40.384568           
4032.1454088960004   -2573.1608094720004  1        1.631145            
4544.695723392       -3211.9673794560003  1        0.875941            
-3726.2718789120004  5523.957407232       1        0.772442            
5525.011527552       326.894781312        1        4.799045            
-4463.80526592       43.684033536         1        1.477097            
-413.21355609600005  -7051.5016704        1        2.26915             
-1404.239544576      5099.563738368       1        2.234259            
-680.332473216       -4242.969472896      1        1.3537              
6554.903173632       6389.161663104001    1        1.552233            
6681.012978816       4132.169357184       1        1.450072            
-2318.462809344      -393.217456896       1        1.349555            
-2475.655484544      -6954.115436928001   1        0.239755            
7910.2073952         -4433.321071872      1        1.77894             
8002.698004224       5078.576283264       1        1.083005            
1489.7166324480002   -4791.6334667520005  1        26.497586           
-6305.808909312001   -6032.976820992      1        1.475772            
-3767.9168736        -1482.5598796800002  1        0.722661            
6334.334531712       -4445.3042472960005  1        1.250622            
-6641.147918592      5023.110242304       1        0.944607            
6630.716150783999    7345.741252608001    1        26.414657           
-5192.448636672      1223.653444992       1        1.312385            
-7996.168895616      -1234.864135296      1        41.25629            
7442.898959232       -1705.9078586880003  1        11.853177           
578.2437365760001    7499.890658304001    1        0.550098            
-2914.383580416      4027.977207936       1        1.564105            
7647.59464128        -5701.492190592001   1        26.866609           
-8031.547104768      1421.596319616       1        11.37593            
5320.219284864       -4666.854589056      1        1.285531            
3686.7946705920003   -1066.240289664      1        1.683864            
4163.540299776       -2442.18756672       1        0.515994            
-4389.245967744      -5168.089605888      1        1.536317            
-602.04754368        7208.48513088        1        1.06197             
-6109.85840256       1880.732506752       1        2.162293            
4390.456194432       5463.1998432         1        2.191493            
-3252.571128576      4514.357979648001    1        2.254945            
7200.874543104       -6599.583391104      1        0.700062            
4090.7882949120003   -6522.041978496      1        1.496346            
3388.8535971839997   6221.49859584        1        36.83246            
-6665.938253568      4633.340000256       1        2.191316            
3652.3016006400003   6501.8591953919995   1        0.224773            
-668.4860920320001   -6352.851643776      1        9.498898            
1989.9554653440002   5500.164865536       1        12.036592           
2815.001760384       -769.123200384       1        0.279401            
3790.26261504        -5492.190566016      1        0.823591            
5833.712674944       2966.613230592       1        1.078344            
3624.9813768960003   -6710.830904448      1        2.095626            
-3307.2228414720003  -2950.98167232       1        1.050344            
-2778.657944832      7460.955798912       1        0.831759            
-3785.1658225919996  7435.0035175680005   1        34.267522           
-6517.590532992001   -5811.568101504      1        0.992306            
-544.2527819520001   -4173.89803776       1        6.208773            
-6031.7424541440005  -1752.474227328      1        0.763681            
-1014.7815152640001  -1062.844573824      1        1.241655            
3013.6575744         6959.4021319680005   1        0.797929            
-962.5325529600001   -1781.482652928      1        0.914421            
964.251332352        1787.4452724480002   1        49.212521           
2645.4139176959998   7020.003589632       1        2.017984            
-6239.85316416       3879.62144064        1        1.343302            
5198.219744256       -6800.522864256      1        0.300309            
-5723.88943104       1669.5785272320002   1        0.511574            
6224.12987328        -2517.944216832      1        1.297443            
-2262.790772352      2031.7984093440002   1        29.932526           
5888.53336896        -2960.777749248      1        5.983914            
7510.156663680001    6753.3304608         1        0.568604            
-4798.304197632      2661.9306151680003   1        1.09138             
-5575.2359351039995  -5751.169421184      1        4.502141            
4153.792503168       -2615.4511511040005  1        0.922306            
633.0612119040001    3060.2883168000003   1        1.14965             
6327.079608960001    5868.574284672       1        1.457239            
-4958.4403630080005  7576.334498304       1        5.908495            
7674.134333184001    6203.85213888        1        0.689505            
-7085.204552448001   -683.7925628160001   1        14.220706           
-2632.833675648      -5209.23731328       1        20.143184           
1436.382972288       3598.861723776       1        1.309318            
18.006950016         6922.599653376001    1        1.939433            
6354.837574272       1681.4297364479999   1        1.842802            
2935.107103104       -6870.87694656       1        2.209721            
-1906.2293437440003  4907.140913664       1        1.454789            
3931.1284953599998   -6197.751115776      1        1.574843            
-7225.169200128001   3289.6681171200003   1        1.698743            
-4590.294876288      -3566.9757911040006  1        0.928807            
-6158.433232512      6716.693744640001    1        59.86422            
-2468.99119104       -206.41768012799997  1        48.296571           
-6029.331656832      1076.741259264       1        2.048435            
152.029899648        -994.696902144       1        2.176826            
2066.441148288       -274.187155968       1        1.374973            
-4955.570902656      6463.877067648       1        0.702429            
-1680.1149024000001  -7060.354671744      1        0.913587            
5162.279874048       -6562.014864768001   1        0.420892            
7545.15184896        -4968.791663616001   1        1.982301            
-3969.952310016      -7814.33877312       1        1.238642            
11.580839424         -5622.389714304      1        0.310127            
-709.94601216        4676.80194432        1        1.067597            
-2426.86661184       4777.712641152       1        2.03943             
23.782885632         -5697.222600960001   1        0.36858             
5222.115283968       -5113.1385550079995  1        1.65753             
44.44203456          -2139.088545792      1        0.624954            
5210.124061824       -7582.192510464      1        1.421897            
-1161.556906752      300.089547648        1        1.788078            
-3867.984274176      -3784.05859392       1        41.201691           
-7084.75876416       -1708.8787077119998  1        44.301705           
1604.787947136       -1333.022853888      1        0.817324            
5637.081415680001    -5849.654836608      1        0.245708            
7810.893167616       -6341.018137344      1        1.354274            
6787.205542656001    1952.330611968       1        0.934804            
6210.387684864       992.14448256         1        0.373896            
4944.046390272       5317.153484544       1        1.32354             
4578.302044800001    -3308.9351834880003  1        1.16137             
-2282.817449088      4251.7259136         1        1.742093            
4753.96998912        999.190190592        1        1.314905            
-1688.3627904        6453.76716864        1        0.495998            
6733.456671744001    -6230.650935168001   1        1.039717            
4597.026762240001    6703.7047292160005   1        1.348343            
5887.908943488001    7983.105850368001    1        0.527474            
6061.518536832       2505.663312768       1        1.051634            
-2585.856924288      1018.824187392       1        0.483163            
-1227.103878528      -5864.3191791360005  1        15.074422           
257.799206016        2304.6819966720004   1        2.223191            
-5956.700352768      3986.555912064       1        0.538434            
4827.013285248       4818.369498624001    1        1.419266            
-3638.37272832       7152.207980544       1        0.476998            
-3857.9564517119998  1504.620767232       1        5.353635            
-2054.055636864      -4150.993853952001   1        1.114673            
-3313.8452920319996  -4260.015644544      1        2.030634            
-3845.5049571840004  5730.169091328       1        0.47037             
5676.521609088       -7796.801751552      1        0.854448            
-594.214866432       4698.5763686400005   1        28.401501           
846.4296487680001    -2279.194815744      1        0.493796            
1583.7441649920002   4824.586394496       1        8.244482            
-5892.80617728       3588.227178624       1        0.738639            
-76.2024384          -5684.47659648       1        0.650944            
-4790.975245056      -6382.857862656      1        35.041022           
3007.038342528       -7669.75530816       1        2.088247            
1635.260875776       -4377.789047808001   1        0.555344            
-3761.9220671999997  -148.753275264       1        2.251788            
6603.777341568       5696.90073216        1        1.976589            
-6620.364850176001   5911.653204864       1        2.123577            
-1435.439896704      -4552.739224704      1        1.756354            
3597.3151441920004   -5869.216412928      1        1.46693             
503.98216704         821.124323712        1        2.069266            
1563.624146304       -1258.545632256      1        1.596497            
-4528.545956352      3908.483415936       1        1.27231             
-227.75114419200003  -3731.3300471040006  1        50.303612           
-5307.175551744      -1758.9389621760001  1        0.549133            
-2024.0751674880003  -7862.451721343999   1        1.696029            
6381.800523648       5799.528599040001    1        1.333752            
5069.61062784        -5002.243488         1        2.174308            
886.037213952        5894.449317504       1        1.354986            
-7817.588038656001   1427.72148288        1        0.990763            
-6716.045179008      4048.86005568        1        34.742154           
6385.77238464        -6029.1256608        1        29.370225           
813.9933204480001    7039.401012864001    1        1.796555            
7744.45300992        -7413.278982912001   1        0.826252            
-641.732357376       -6890.963169024      1        2.027735            
-5455.236809088      -704.001095424       1        47.254089           
805.0711173120001    2294.837639424       1        1.45677             
1856.4732552960002   -279.72008064        1        46.201526           
7055.352830592001    -6292.927719936      1        1.144601            
-2319.866157312      4990.0173016319995   1        1.246803            
1052.8602036480002   -1621.517078016      1        43.835623           
4664.653006464       -7864.315341696      1        1.084741            
-7350.477552         -5076.340904448      1        2.266034            
1057.16198016        6701.145872256       1        58.611946           
-4015.318108032      6975.970328447999    1        1.130044            
-5117.841058176      -2348.3724675840003  1        1.088338            
5146.4407104         -5803.144795008      1        44.872442           
1683.827659008       -6589.220825087999   1        1.242666            
1345.015685376       -4814.993094912      1        1.010944            
3812.700089088       -2456.697412224      1        30.916795           
5811.584194944       -6140.99920896       1        0.277991            
-3696.0194304000006  -7300.45914048       1        0.679587            
-2846.322813312      962.7176275200001    1        0.862726            
5529.318132096       3111.993320832       1        1.738459            
-7634.797137791999   -39.515832576        1        1.311036            
3214.1995395840004   6743.920626432       1        1.290013            
1518.388705152       -2541.678822144      1        0.393933            
-5109.32923776       -129.054904704       1        15.985846           
3473.3634693120002   2835.261792          1        0.872875            
-4054.4991970560004  -6108.521037696      1        0.980088            
-6242.619626496      -2057.568834816      1        1.786952            
-5784.350875776      5941.93140288        1        0.488498            
-2023.7661734399999  2138.856800256       1        0.551638            
-1337.7285757440002  2914.724761344       1        1.966769            
7745.700251519999    2733.367785984       1        1.630419            
3896.2974631680004   -7410.628393344001   1        2.04175             
-2029.9701945600002  7332.38047872        1        2.188041            
-7038.4981708800005  3692.1232085760003   1        1.445177            
2738.269847808       -6086.408651136      1        2.046906            
-4846.103323776      5310.001559808       1        0.528276            
7593.018567552001    -4505.445432576001   1        20.156088           
-5214.441931776      3413.598870528       1        0.555847            
-5762.483109504      -4972.790883456      1        1.55318             
2568.482446464       4854.6795179519995   1        2.073113            
7264.17648           3796.7032097280003   1        0.372132            
-3580.151490432      -3820.334817024      1        0.648438            
-2634.903292032      5371.632997632       1        2.252934            
4935.285121536001    -624.309599232       1        0.780268            
-5987.152359936001   4827.536322048       1        0.781957            
5997.97680768        -1229.952417408      1        1.250873            
6331.119062400001    -2503.041691392      1        1.361119            
2441.759481216       -7359.026387328      1        1.680855            
-6495.951293568      -6071.831213184      1        0.80096             
1248.2554867200001   2618.1805985280002   1        0.49171             
6455.582508672001    3465.1493775360004   1        29.533603           
6331.06273536        -4934.963252736001   1        1.745987            
2974.73558976        7316.85835584        1        56.363458           
-4867.856826624      -5836.401888768      1        1.75165             
-50.209923456000006  -6327.351588096      1        0.550679            
4789.863188352       3079.71309888        1        36.447332           
-5862.276921600001   -4266.058731264001   1        1.954615            
-5056.734266496001   4211.086758912       1        1.905219            
-432.855599616       -5310.629203968      1        59.419034           
-185.07295065600002  1208.3035219199999   1        2.214806            
7084.168134912       -5111.666005248      1        16.60278            
-7806.811871232      4130.234925696001    1        28.469897           
3296.0765249280003   -7424.138836224001   1        1.67117             
-2232.469122048      3617.6154094080002   1        0.493254            
-5367.125225088      7624.328355072       1        1.191834            
-2690.0957445120002  5273.269892352       1        1.088173            
-2443.415496192      -4977.293827968      1        1.536077            
6204.772683648001    2704.216128768       1        0.744266            
-4877.4098926080005  4791.752558208       1        0.958155            
-2617.844245632      -588.9088592640001   1        0.541897            
187.73480563200002   4454.179779456       1        1.318771            
-166.893800832       6475.594701312       1        0.8026              
4582.8580976640005   -1870.929992448      1        1.74213             
6295.903396992       -1353.525896448      1        0.23527             
3314.8978030079998   -5784.399156096      1        1.596477            
5070.452314752       874.921474944        1        1.462146            
6872.487899904       -72.12275136000001   1        1.028863            
4152.73516416        2600.802902016       1        1.239126            
-965.822052096       -3219.534514944      1        2.152808            
-6124.983017472      7042.949616384       1        1.516793            
-1090.135829376      -2777.1564268800003  1        2.158076            
-2766.111499008      -5227.129999872      1        1.806998            
6474.341022336       -5300.263419264      1        1.858141            
363.016507392        -6114.628498176      1        0.844061            
4138.111055232       5704.70605056        1        0.679087            
4311.928253952       5451.965012736       1        1.341811            
-2514.74484096       -2935.285740288      1        0.717131            
7581.832017408       -237.53434636800003  1        1.877493            
-6886.997745408      3669.764592384       1        0.406265            
1994.4503631359999   5058.585012096       1        0.919825            
3218.7314522880006   2539.7057664000004   1        0.785486            
-7564.636176768      -6296.8464725759995  1        52.929784           
-7141.587919488001   -5261.1515320319995  1        0.840886            
-7119.871431552001   2586.1353408000004   1        1.206971            
6018.249714048       -4991.5413504        1        42.460374           
-6943.88483712       -2942.965529856      1        15.963876           
1658.4096798720002   -8043.090929280001   1        1.985661            
-3003.7134378240003  -1123.597309824      1        1.672102            
-7784.09115264       7901.555561855999    1        0.733981            
6927.5017152         -1821.0869994240002  1        11.040939           
4064.359647744       1482.303993984       1        1.144451            
-7827.83312256       -1332.039544704      1        0.797754            
4376.335810176       -6804.436788864001   1        18.217671           
-2355.6370464        2326.691385216       1        1.748026            
-6949.623757824001   5327.1153239039995   1        2.111162            
3921.813612288       -6864.330135168001   1        0.547357            
-2651.270320512      -3040.000926336      1        0.906584            
-1822.810606848      -6603.0708395520005  1        38.276206           
2741.91179328        -3997.2934552320003  1        1.013197            
-3707.2767916800003  5541.08404608        1        1.789455            
-7528.82505408       -7223.030381952      1        57.183018           
-7216.819923456      4487.6155104         1        1.642702            
-1795.768799616      -1957.419357696      1        1.338038            
-2868.716835072      188.896752           1        1.606251            
-3480.0422469120003  -2210.308455168      1        0.676016            
6528.957329664       -2088.801373824      1        38.508633           
6527.080834560001    4690.297903104       1        1.051064            
952.662446208        -7660.462955904      1        1.589846            
7011.140932224       2296.202363136       1        0.386151            
-552.659995008       483.812258688        1        0.807971            
256.959128448        -6521.018435712001   1        0.209862            
95.50812902400001    3821.583667968       1        1.731461            
4798.231777152       -175.37021568        1        2.177759            
-2751.683730048      -4752.133727616      1        1.751764            
1728.9729768959999   5032.429953408       1        0.563612            
-7854.8186027520005  2516.0146133760004   1        1.940588            
-4051.6474394880006  -4122.133488         1        1.160966            
3458.6460184320003   -5989.772371968      1        1.782793            
3698.744049792       -7581.8738603520005  1        52.176963           
-5140.265657472      1011.430861056       1        1.356974            
-7877.016284544      6315.44405184        1        0.208978            
-896.25172032        -1759.090240512      1        0.930281            
2272.7590490879998   6048.458710272001    1        1.60478             
6494.12951616        2918.477751552       1        0.59893             
7787.033033472001    -2508.5118516479997  1        0.613128            
302.310442368        -1131.965898624      1        2.111761            
-7719.086529792      -7105.3615860479995  1        1.439214            
-2974.128867072      -6937.001672832      1        1.967216            
-3523.9644633600005  -157.80905395200003  1        1.074886            
1755.264829824       -3117.354045696      1        0.729211            
-1218.5952768        3325.099434624       1        1.476298            
-5570.576884224      7075.3682419199995   1        39.388339           
3691.6742016         6869.65384512        1        2.246169            
-7060.628260224001   1180.051488          1        10.392315           
221.299284096        5703.717913344       1        7.3299              
-5115.818112768      6802.856413056       1        1.343341            
6039.802048896       -3443.053084416      1        1.744851            
-6344.83067328       -7741.855528704      1        21.142437           
-1278.786351744      -4328.261486208      1        0.241796            
5469.128666496001    5703.848270208       1        1.514035            
-4932.706952448      5636.194667136       1        1.814189            
1329.617481984       5865.278348160001    1        35.77743            
-7507.639649664      3367.046985984       1        1.653587            
-89.572868352        5888.520494208       1        1.351781            
363.62966745600005   2136.277021824       1        0.483812            
4463.549380224001    -6150.777583104      1        2.024358            
-1105.336083456      -7894.719068544      1        1.241188            
6294.585344256       -7637.227247232      1        0.531196            
-7034.375031552      4487.274329472       1        1.079397            
7693.922827008001    6134.688971136       1        1.824247            
4030.83540288        7946.359698816       1        1.500731            
2874.2481504         -7416.108209664      1        1.125021            
-771.8301169920001   4338.616005504       1        1.911426            
2014.55267904        -5278.254030720001   1        1.508173            
-3060.6150136320002  -5364.291170304001   1        1.865957            
3013.4451409920002   4068.0096399360004   1        1.297053            
7488.597891456       -5116.960747008      1        0.380248            
-7758.410850431999   4431.9965817600005   1        1.57402             
-8033.228869248      -6456.958497792      1        0.281013            
3360.2957879040005   1396.691721216       1        1.575726            
-4206.786591744      2761.679365632       1        1.868999            
-7949.517231744      -5239.496199168      1        2.25056             
2350.62393984        2468.34745344        1        1.806384            
-2992.367562624      -2081.7733685760004  1        0.719909            
208.65949632         -1833.309967104      1        3.082828            
-378.04295232000004  -594.058760064       1        1.950848            
-856.330333056       2992.927614336       1        1.549599            
-6708.754850688      5166.755459712       1        0.922271            
-5037.35937408       -5828.197453056      1        1.360757            
-1912.708562688      -5070.02905728       1        19.281711           
5184.2683411200005   1480.0299909120001   1        1.214026            
-3672.9655776        -1770.84971712       1        13.878381           
-4584.470660352      6045.425096832       1        21.169678           
26.109997055999997   -7905.937805568      1        2.018582            
-4232.407348224      6895.8121224960005   1        1.233127            
597.20341824         -5354.445203712      1        22.004498           
-332.93143065600003  7978.149070848       1        0.245535            
2768.4273450240003   5863.907187072       1        1.595402            
-6627.381590016001   -3501.8343740160003  1        2.110922            
5467.895908992       5107.92106176        1        1.901894            
328.719777408        2617.61410944        1        1.770083            
-2229.41619648       3189.6312940800003   1        9.900418            
7263.403994880001    4362.3055491840005   1        2.975239            
5866.408107648001    595.18369152         1        36.359239           
-4496.407356672      2647.219601664       1        52.867096           
-1776.187911168      6663.020512896       1        0.9491              
