trucks_count 10
drones_count 10
customers 500
depot 0 0
Coordinate X         Coordinate Y         Dronable Demand
13665.794465664001   -13209.999276672     1        1.655037            
-21519.053614080003  -11567.65889664      1        1.33606             
-6463.46346624       2134.77067584        1        1.569649            
18230.724471168      -23968.010081664     1        1.450272            
-5809.298926464      -22210.619308416     1        0.517207            
-21731.166762624     -9739.986461568      1        0.670977            
-12510.789198336     -15225.742870272     1        19.448068           
-10277.320673664     -16077.948454656     1        0.742691            
5776.4844023040005   -18529.291579392     1        0.532033            
1847.1583722240002   10547.132023296      1        2.129134            
22958.584463232      16669.23109632       1        0.914315            
8123.2636193280005   21603.811325184      1        9.704479            
-10439.217461376     -8677.25293248       1        0.936066            
-23705.690228352003  -22734.517107456002  1        2.139392            
18487.899251712      -15995.276453376002  1        0.37623             
-15819.370326144     17721.510326784      1        0.389601            
1570.69560384        -18565.044765696     1        1.84927             
11863.12640832       7876.317829248       1        59.671014           
9368.516070144       -4870.785832704      1        0.43047             
108.579220992        4599.044879616       1        58.746134           
19401.300141696      -5789.042113536      1        4.153171            
-10096.842400128     -23779.918001664002  1        0.700166            
18415.865014272      8811.613844352001    1        0.998366            
10544.064613632      19086.843980160003   1        2.083739            
-4753.461436416      -11892.168630144     1        1.219953            
-12123.85622976      13082.716259712      1        0.946432            
-7821.687037824001   8931.268570752       1        1.439477            
3149.362288512       -1110.532655232      1        1.908426            
1476.981893376       18012.664796544      1        1.714244            
19318.100275583998   9191.747334528       1        1.439702            
11106.47723328       -2527.86099456       1        1.067671            
13985.582383872003   -11606.827110912     1        0.330546            
-20670.095685888     -17307.469567872     1        1.00091             
15327.781717247999   -48.700358784        1        58.888674           
-6443.19377856       20993.863511808      1        1.589018            
-1992.4869634559998  14933.006415360001   1        1.824793            
21983.605243776      -20734.958686464     1        0.575599            
14182.017303167999   -3461.414090112      1        0.650139            
10725.968765952      15728.241222143999   1        2.131418            
20657.690862336      -5382.084077568001   1        0.565553            
9007.83633024        5454.173032704       1        1.994426            
18473.151223296      17350.550097408      1        52.602161           
-4229.116239744      -14397.580885248     1        1.91993             
8126.047784448001    9403.870139136001    1        0.753106            
-19616.815443456     11026.156483584      1        0.205654            
940.4958055680002    -14631.099918336     1        1.748445            
-11664.755448192     9064.631689344002    1        1.839656            
20525.343239808      -9198.789823871999   1        6.492458            
15659.940662784002   -365.81837529600006  1        0.696744            
-13578.537443328001  -6264.030339072      1        1.470026            
-8353.319344128      11236.698912384      1        1.074741            
3922.4010228479997   -16660.157614848     1        1.843161            
2005.989359616       -18739.673073792     1        2.191558            
-19292.711264640002  13308.347897856002   1        1.586194            
9936.719109504       -11990.628296064     1        0.73737             
4457.14258176        -8778.490326144      1        2.006335            
19081.2273696        -23575.053338496     1        0.741983            
-3209.9299499520002  14403.080013696      1        1.219865            
2500.402367232       -9115.366258944      1        0.788361            
9529.931664          11173.274665344      1        1.251515            
6077.713365504       -15587.576509823999  1        0.428176            
9021.498051456001    -10294.79654016      1        8.308103            
-8302.982282496      -2621.182025088      1        2.247326            
5187.787976448       -21900.559874688002  1        0.878885            
23276.157924096      11954.749580928      1        26.066085           
14884.277088384      7512.585163776       1        3.901071            
1665.8030062080002   -14541.206790528     1        0.620047            
4802.30663616        23253.158788992      1        1.886859            
4143.15152064        -24027.159911040002  1        17.654304           
-4453.387982208      -2014.4174941439999  1        30.632631           
-19160.284784256     -5977.319268096      1        0.310243            
62.085272832         -23105.689770240002  1        0.296583            
-9924.809963904001   -2665.4534691840004  1        59.295361           
-3543.658005888      8801.610162048       1        0.298879            
21715.702576128002   -6750.292019328      1        0.288103            
15905.286764928      23788.447524864      1        0.786188            
12434.69297664       15986.611745279999   1        39.276466           
-2149.5525004799997  13631.010104448002   1        1.701141            
17705.7210528        -4323.00375936       1        1.872495            
14451.189743231998   11781.345983616      1        1.366669            
20928.11859072       -18061.001443584     1        1.401841            
19442.563721856      3051.987320448       1        1.00567             
5150.1969192960005   20015.54007552       1        54.9661             
-3122.6037258240003  23467.542721920003   1        0.713157            
18543.91568832       -14863.42642752      1        1.902691            
-10085.161781376     -9720.135203328002   1        0.914442            
-23943.012141312     9534.449092608002    1        0.445147            
-544.5891348480001   1568.3395242240001   1        0.215006            
-16194.889827072002  5322.747564288001    1        1.263255            
13234.606146432001   16401.816059904      1        1.334821            
-17478.100265472     -12152.70372096      1        2.126571            
-8099.145990143999   -7286.351630976001   1        10.129383           
5753.908524672001    -616.6684339200001   1        2.072677            
10424.78325504       8658.531433728002    1        1.899011            
-6688.959919488      13749.749114111999   1        30.00789            
-3499.973972352      -3908.8149408        1        0.52566             
19579.85846784       12629.459006208      1        28.656089           
16716.61018368       23627.4632352        1        0.553414            
9715.011052032001    -20821.602548736002  1        0.873436            
-3889.3016448000003  -7643.107790208001   1        1.775998            
11222.887522176      -23747.867915904     1        0.881882            
-20069.25193152      -13814.6491296       1        1.422267            
-19791.181428480002  -7699.415518080001   1        0.425901            
-9815.741502335999   16644.527665920003   1        2.094307            
2241.7711303680003   9126.708915456       1        0.651658            
-20548.738273536     -6038.406747648      1        2.198736            
19079.695274112      -15432.242626944     1        1.629315            
8980.821881856       23080.212245376002   1        0.65583             
5531.10611328        8671.850364672       1        0.764051            
17813.793330432      14104.70924544       1        0.710264            
579.8756113920001    18555.807131136      1        0.929021            
-7688.011706496      -21502.741303296     1        0.262327            
23028.666566400003   1961.0532564480002   1        0.575642            
22594.818001536      17334.830025216      1        31.641888           
-22853.29635072      -2961.6226548480004  1        1.809822            
15253.299667584      4525.74891648        1        0.63066             
18094.825026432      -16262.374449024002  1        14.309656           
17755.922929536      -9729.918405504      1        2.167883            
20137.10992128       17429.54957568       1        1.377731            
23675.000038272      -687.083671296       1        0.385328            
18038.705591808      10937.570143104      1        0.310577            
15204.879334656001   72.54922752          1        24.000414           
-13638.538615680001  -7830.625334400001   1        7.818765            
2719.036577664       -12065.280936192     1        1.857778            
19862.73286272       10953.884063232      1        1.352383            
1017.11345472        -8613.10448064       1        1.333555            
9298.697899392       9835.378717824       1        1.163677            
-9353.13717888       2269.7318730240004   1        1.111557            
3716.6029401600003   -3084.797016576      1        1.897686            
7428.260366207999    -13241.793476736     1        0.867743            
-17078.228171136     -13286.867983488     1        43.89788            
-17429.95191168      -1058.3094424320002  1        0.36235             
-9363.13120512       4516.685091072       1        1.023762            
-12531.33408384      23587.54345728       1        1.56965             
3391.713401472       -9782.30899008       1        0.586431            
-20904.676886016     -3781.581813504      1        1.661925            
-23896.986512256     -6481.414089216001   1        1.114961            
22253.173582464      13812.721135488      1        1.299155            
15246.513063936      1599.573672576       1        0.354887            
16171.918050816      -873.661358592       1        4.953888            
6477.836517504       -6595.328285568      1        0.486824            
19017.344459519998   -1262.411276544      1        21.915056           
-1775.824199424      -4919.479754112001   1        56.712376           
-12910.400578944     20153.99193984       1        1.131723            
21562.888925952      -3955.289576832      1        51.396364           
21767.784166656      -8732.973249792      1        50.130444           
13121.216596224      21444.167619072      1        1.384642            
-19630.628443008     -2812.893519744      1        0.902396            
-2792.2391988480003  14795.423596800001   1        24.621081           
-13473.184957055999  -12014.337151872     1        0.78464             
18623.840539392      22427.199995904      1        1.094104            
13253.834588544      9537.856073855999    1        1.369039            
5968.627201152       13982.700048768      1        1.559032            
-4017.334616064      5523.71922432        1        0.907951            
810.0633024          -7547.258480256      1        1.518643            
21344.896843776      -7255.656612864      1        1.63608             
2669.82927552        11363.88375936       1        1.637172            
19433.559442176003   13008.446643456      1        0.643373            
22380.588565632002   13172.115318912      1        1.07404             
-4779.967332096      11114.564186880001   1        0.721213            
-6726.288653568001   9647.407338624002    1        1.113743            
-6441.167614464      3403.125259776       1        0.968167            
14674.674516480001   19344.310051968      1        0.868257            
-1677.91814784       17184.050585856      1        1.622995            
-4272.412421376001   -10219.224964608     1        1.832815            
22605.397828992      19283.764921344      1        0.295172            
454.174579584        -4453.59397824       1        0.918288            
20429.748206208      4873.756681728       1        0.681766            
23527.967151744      2076.992007552       1        0.72123             
-17960.950136448002  10482.02762112       1        58.766116           
-8727.873238656      -20636.125652736002  1        57.434412           
21678.315905664      -10704.72059712      1        2.004639            
10351.87997184       8811.816621696       1        1.653682            
-22767.597173376     7476.011212032       1        1.602616            
952.770272256        13117.209329664      1        0.898624            
11709.36968256       -20934.127881216     1        0.263298            
-2905.248943872      5803.68875328        1        1.004742            
10424.326201344      23949.140523264003   1        1.576344            
-10459.876610304     -5574.650133888      1        12.566784           
-10104.208367616     2189.543089536       1        0.336849            
-12926.273538816     -12553.267833216001  1        2.096289            
366.891807744        10558.233278208001   1        1.355915            
-19581.723697536003  11616.312584448      1        1.337807            
23909.681017728002   -7552.11226176       1        1.705895            
-11066.044074624     6510.980957184       1        1.212663            
-5248.605086208      6748.664972543999    1        0.452802            
23231.715889536      -23789.125058688     1        0.365429            
6371.595673344       -23522.527569024     1        0.754933            
-10959.087072384     -9672.083410176      1        0.424707            
-2779.864952832      -18026.067413376     1        2.128165            
-21764.259703296     -7666.414310016001   1        28.617367           
-14426.082367488001  6765.7320656639995   1        0.941233            
-673.796927232       -17352.038740608     1        1.611052            
4179.00770496        -16284.28405824      1        0.664637            
-1224.664113024      -6317.352733824      1        0.678086            
-14135.991674112     15142.055372928      1        1.416103            
-9506.082795264      5969.261282688       1        1.723806            
2709.49960512        -10140.148237824     1        2.101323            
17018.231826815998   -17957.530280447998  1        1.193109            
-7288.26031296       14842.461503232      1        1.242976            
-23482.096019712     3374.2327069440003   1        1.216176            
-20494.949169024     22700.848021632002   1        34.326348           
17740.262403072004   -20264.767915392     1        2.032937            
259.814104704        21765.545569152      1        35.992027           
8005.063739904001    23874.439602816      1        1.009791            
-19756.269929088     -5814.112474368      1        0.86559             
-19718.080195968003  -24008.337023616     1        1.975025            
10741.304204928001   23358.876596352      1        0.941063            
10389.121801344      -2623.148643456      1        1.709089            
-11517.658187904     21797.72762112       1        1.174214            
21142.082484864      -7267.76531712       1        2.240912            
-2561.1728060160003  -16789.318736256002  1        1.552644            
21414.137260032      9818.303577984001    1        0.339289            
12184.620231168      -14076.024297983999  1        15.831743           
-4453.36867008       -3724.2634176        1        2.012017            
-8823.109388544      17754.155869824      1        0.940507            
-18626.026028544     -21000.603444480003  1        1.49928             
15306.013730304001   -759.3979345920001   1        0.834806            
-21747.384122112     20002.349892096      1        1.377841            
-22740.291433728     -20870.425217664     1        0.597466            
-11666.487102336001  9460.93908672        1        0.20028             
-3380.6555988480004  1704.280811904       1        5.723325            
-14219.73710784      22597.758273024      1        0.244411            
15419.699399808002   -4278.764502144      1        0.657946            
-7541.33770368       6193.201500288       1        1.430615            
-12626.423783424001  -12173.277574656     1        1.600232            
-20062.83064896      10363.045600512      1        30.523351           
-2126.785110912      -8472.837276287999   1        0.405942            
3744.708523776       -5074.81685568       1        47.558639           
1592.4861216         -7547.519193984      1        11.608331           
13796.02901952       -1230.48832896       1        21.444316           
4905.644223744001    21220.570191744      1        2.194694            
-8708.149118592      -19421.468440704     1        0.291373            
-11936.19062592      24038.505786240003   1        1.675466            
-1748.6327231999999  -3785.6405790720005  1        1.495267            
-10050.000833664     -10337.469905664     1        2.152899            
13818.901016448      -19738.78923456      1        1.618266            
-20436.322376448     23162.768373888      1        1.820955            
-5678.5767413759995  5017.900795776       1        54.832676           
7728.4110689280005   10370.358459648      1        45.134022           
22562.822633472002   -9628.449266304      1        1.07325             
7039.862894592       10633.882102272      1        0.867407            
4089.784064256       -12003.221412864     1        0.973623            
-716.55236928        -3937.57391808       1        1.277773            
10677.622462848001   8252.733734784       1        38.919728           
-3382.377596928      -17303.480004096     1        0.508117            
20185.226088192      12982.713232896      1        1.143865            
-4461.011444736      13543.413510528002   1        0.653383            
1560.986431488       -19409.473999872     1        42.513803           
13062.86822016       6958.301340672       1        25.211842           
-22056.754756608     11273.696121600002   1        1.893365            
-3870.478757376      -6305.086313856      1        1.662742            
-11098.214861184     -8166.8993725440005  1        34.671656           
4336.100600832       2600.384472576       1        1.870521            
-7901.17897536       -19913.258217600003  1        1.513937            
-17904.951402624003  -19313.687454336     1        0.230655            
-16476.061536        23430.579308928      1        2.033946            
-17130.87142272      -23678.452081152     1        48.375615           
-3954.500998272      23752.12302144       1        25.948375           
-1044.565644672      -12901.755182976     1        15.156761           
18906.872649984      5296.6810195200005   1        22.37868            
-13460.21525376      -16454.456092800003  1        2.104655            
-2415.028277376      -4713.184384128001   1        9.160283            
-8795.742493824      -1711.178460288      1        0.830029            
13156.070159232002   2056.719101184       1        18.141859           
20650.017510144      11139.491316096      1        31.04077            
-9731.782025856      9539.307702144       1        28.528653           
5266.048765824001    11430.919374336001   1        0.626534            
3717.7214342400002   -7373.848445568      1        1.271626            
-9382.211587584      13976.769616128      1        1.53399             
16511.146844544      1786.2414831360002   1        1.687075            
-19864.139429376002  2910.3055027200003   1        30.079374           
8756.493812352       24046.86632832       1        1.77735             
-14806.750159872001  21918.376922112002   1        1.392074            
8822.636241408       805.256191872        1        10.724288           
-1216.450021248      -4344.264802944      1        1.700267            
-16503.278761728     10517.518484352      1        0.405816            
3030.872727168       18000.715417344      1        0.332965            
-4978.632802176      -2192.542906752      1        1.138548            
-14882.873740415998  -19259.806617216     1        1.454849            
11694.658669056      -19994.460887808     1        1.878642            
-22149.81990144      -510.93453311999997  1        7.617619            
17805.2992128        1967.14945152        1        1.425581            
6046.728665472       -19727.414391168     1        0.416696            
-23029.316741376002  20629.11856896       1        1.296569            
22159.232954496      10410.682182912      1        1.37555             
-7035.52088448       16656.633151488      1        18.781306           
-12247.37338176      23671.845724032      1        1.556622            
21529.2809952        -3978.4914892799998  1        1.589105            
20580.809280768      23176.21927104       1        2.009476            
-8509.588255872      11386.847488896      1        12.570556           
23987.486362752      12099.202689024      1        2.127949            
-8009.862803712      -2701.451275776      1        0.233197            
3265.637392512       -15071.141238912     1        0.389254            
-13531.031217792     -7388.776720512001   1        1.478772            
18147.316999680002   -2722.670476416      1        1.10607             
20179.179782784      -10237.418598528     1        16.150588           
-6424.649307648      22485.5934336        1        10.997507           
-21688.17152832      -7899.712862976001   1        34.419287           
-8701.541152128      6228.803408256       1        29.357685           
-19825.647139584     -1173.67848576       1        1.812322            
-17298.985106304     -3377.609110656      1        0.22554             
-6895.18608768       -13634.759875967999  1        1.31115             
17120.560355712      13229.182657152001   1        33.955244           
17990.966011392      11891.423503872002   1        1.3674              
-19972.750837248     -9994.666758911999   1        0.576374            
2588.3852037120005   -7315.403508864      1        0.412608            
-6726.829393152001   -22411.817885952     1        1.635691            
-5365.08618624       18649.025163648002   1        1.990977            
-7700.059255680001   -14134.408079616001  1        1.101984            
6018.740563968       3879.302790528       1        1.464113            
7543.523192832       -12849.762106368     1        43.666555           
14872.538533248002   -13302.343435392002  1        0.776141            
-13120.642060416001  -5412.655176192      1        3.411305            
-11622.082082688     -5437.447120512      1        0.652686            
21077.789192064      1285.323507072       1        1.346587            
-10648.700941824     -19783.516123008     1        0.501357            
-927.997640064       -6508.454287103999   1        0.263497            
-868.855857408       -24037.924813056     1        2.211635            
-422.12932185600005  -5804.804028672      1        2.206782            
145.869330816        -15441.504401664     1        23.77966            
7099.706351231999    -4000.8436680960003  1        0.860236            
-14682.732501888     10151.59711104       1        1.55942             
-12849.342067584     10500.214817664      1        0.269134            
22688.336981376004   19940.897091456      1        2.255555            
-11807.494604928     -7553.433533184      1        1.886022            
-5660.4861054719995  21910.9369248        1        1.745502            
24136.543804032      7818.1641838079995   1        18.742376           
-15228.802233216     -22741.646501376003  1        2.231339            
13847.647118976      21270.913690752      1        1.844921            
-15038.770893696     -16768.32645312      1        0.291043            
-4432.767457536      -20708.179202304     1        0.495521            
23621.904561024      22925.546240256      1        42.807621           
-11869.826107392     15484.139142912      1        1.765234            
-15310.593923328     7598.081563776001    1        0.839284            
13223.500063488      -845.777864448       1        0.865713            
15655.202754048      10121.211086976      1        36.228028           
13791.614588928001   9191.233953792       1        0.626283            
-8352.630544896      -8733.108434688      1        0.766078            
-3700.683309312      2628.015299712       1        0.960164            
-16334.444092032001  19156.40787456       1        1.326811            
6328.499050368       133.314838272        1        1.622064            
-12856.473070848     20106.994267008      1        1.777183            
-20748.807091584     14215.924571904001   1        1.693298            
-17031.54271104      -12331.033520256002  1        0.545033            
20935.587556224      -3414.406761216      1        0.994067            
-17306.013111552     -5350.354251264      1        8.741622            
-6971.94374976       -635.163015168       1        2.266558            
-23678.783606016     -10943.725883904     1        0.558238            
-16986.083571072     22373.650683648004   1        55.689042           
19549.340477568      -23738.079885696     1        1.929298            
-22841.157068928     -20236.726705536003  1        0.799652            
7263.801502848       9608.432245632       1        1.961748            
-9015.192641664      -10775.4029856       1        1.102039            
20882.331144576      1112.18545152        1        9.343954            
4137.307992576       632.5977208319999    1        0.832157            
4531.045267584       -16319.538347904001  1        38.696936           
-22178.912012928     13267.514012544001   1        1.93492             
-12444.040046592001  521.221459968        1        1.038434            
-21873.781999872     18614.543359104002   1        1.864445            
-16709.451821568     -12814.021794816     1        0.420586            
-13845.27494592      -11295.80850816      1        0.562669            
9006.247907712       3390.6415783680004   1        2.110084            
-19395.796185216     1573.965790848       1        1.435565            
5128.36777728        -2770.344073728      1        1.501763            
6372.75279168        -11497.658870016     1        34.930247           
-13332.909705984002  11392.467318144001   1        2.252394            
-23398.95248064      22600.194819840002   1        1.8367              
15625.066178304001   4132.20798144        1        0.815               
18646.781738112      6716.009773440001    1        1.414192            
-23071.553974656     12154.86024192       1        0.854584            
21742.446654720003   8702.732066688       1        31.420825           
6374.960811648       -2854.507936896      1        1.042507            
-4696.855979904      21026.323980287998   1        1.071095            
2561.3932861440003   8285.841159552001    1        0.473893            
-11485.157485824     -16341.132525696     1        0.685479            
-22484.487814272     -12711.255524352     1        0.610627            
21652.139925503998   5261.026003200001    1        0.917096            
13694.876921088      -16678.294921728     1        0.733303            
-9686.62544256       2248.844197248       1        1.353616            
17928.811536768      -19732.21506432      1        1.726476            
7305.810209280001    8597.852727552       1        1.996949            
19653.71931072       5667.145570944001    1        27.899556           
13735.654479360002   -7252.587593855999   1        1.991068            
-9320.081253119999   -5689.097023104      1        1.207298            
-10556.02525824      -17526.016873728     1        0.72397             
21434.849517312003   895.4390016          1        1.618226            
22341.174121728      -17761.917735936     1        0.936741            
-2987.930601216      790.545178368        1        1.905899            
11232.939484800001   1607.30013312        1        1.956876            
-8543.682208512      -14954.149976832     1        55.42695            
-11802.689103744     17264.641705344      1        1.688862            
-8222.338054656      -22138.134454656     1        1.545107            
2509.244103168       -4891.074832512      1        1.039926            
4763.595475584       -19750.048205184     1        1.118268            
-18964.56602304      9375.36221952        1        2.064678            
20792.647231488      18191.644770815998   1        0.23064             
12888.222209279998   -12072.128694912     1        0.767237            
17655.829779456002   7045.416740736       1        1.716062            
-18283.457846016     -89.497229184        1        0.923489            
3115.7479203840003   2026.5390731520001   1        1.047892            
21961.552402944002   -3808.507747968      1        0.31761             
-7080.788512511999   -6554.441291904      1        0.204222            
3049.460650368       -14078.361065472     1        4.257596            
-2536.30200384       -4917.497042304      1        0.629578            
4401.68458752        -2818.925341056      1        1.984202            
350.445921408        7900.34211648        1        0.74619             
-16258.811361408001  -9453.692210688001   1        1.725848            
13394.298132864002   -22509.947636352     1        1.606088            
5138.406865152       23458.905372672      1        1.633652            
-162.03036326400002  23830.163330688003   1        2.12392             
-13852.217655936001  -9831.962080512      1        2.028221            
-6887.293864704      7482.2071864320005   1        0.432015            
22169.185137792      5541.616738944001    1        42.605147           
10018.768294656002   12039.677882496      1        2.158892            
17932.458310272003   23539.62523968       1        2.041539            
5435.815245696       13460.768868096      1        1.37585             
7731.037518336       -23223.846197376     1        23.459831           
-2870.895886848      -5249.675299968      1        1.978142            
5590.255942656       -12947.125809024     1        2.095041            
8628.565448448       10597.424023296      1        1.388958            
7429.172864256       1267.162060032       1        0.554331            
-12023.518459392     16327.118358144      1        0.391805            
9860.857852031999    -23721.270287616     1        4.832563            
-22356.004226688     -2536.227974016      1        1.528832            
5414.393267712       -5451.303572352001   1        34.376711           
-2760.5689182720002  -19095.34131648      1        0.663406            
-17282.07733824      -13745.994514560001  1        1.999101            
-1813.302602496      2594.565084672       1        1.39831             
-10041.604886015999  -8559.104552064      1        2.14912             
23105.398478976003   -16396.757891712     1        0.619165            
-13525.625431296     -18954.739368576     1        34.262021           
12251.306618496      -16398.822680064     1        1.745852            
-10345.053134592     -6365.715130368      1        1.411791            
15308.181516671999   -20196.996830208     1        1.073937            
-18883.685221632     -5422.658858496      1        0.343716            
-4996.2406348800005  22861.378476288      1        58.629726           
-8098.79837184       -2922.4512218880004  1        12.995559           
18685.706941440003   11543.938775424002   1        0.77241             
10397.30370624       15541.211309184      1        6.948475            
-3844.51360128       -13690.393288704001  1        0.809053            
-18010.447120512     22173.129639936      1        1.224649            
-8662.234534272002   9965.618099712001    1        24.309087           
-14762.444919552     12909.65062464       1        0.857907            
13017.327003648      -14078.423829888001  1        1.064497            
15239.441606400002   8182.096407936001    1        1.32458             
-173.619249408       -8013.361517568      1        1.016252            
-24027.515576064     2441.4038161920002   1        1.941603            
15583.232890367999   -13707.022640256     1        0.611704            
-19174.202391168     3093.893028864       1        31.255873           
21924.632442240003   16936.362888192      1        1.243607            
-15326.571490560002  6679.593537408001    1        0.909214            
-10974.779785728     -9648.36328896       1        0.558355            
2270.713572864       -1634.139163008      1        1.886203            
-15991.236999936     11574.978193152      1        1.203426            
-16671.905826048     15866.190971136      1        1.51838             
16052.227918848      -10716.776193024     1        1.704848            
22722.154126848003   -4280.92746048       1        15.334266           
-6156.1833696        2283.155411328       1        0.633405            
23705.448826752      -19395.078417792003  1        1.525917            
-13501.113512832     -23293.672414848     1        1.625383            
13913.324447616      17647.367848704      1        28.423759           
11452.914278784001   -17628.071814144     1        0.84425             
24053.704430976002   -21653.195655168     1        0.27613             
-19469.182271616     17844.066700416002   1        2.106301            
9280.858321152       19582.821270144      1        1.392568            
15847.955494271999   -755.503322112       1        2.002066            
13777.983445248      -17269.71757632      1        54.030259           
3346.473132288       5285.212834176001    1        0.857215            
17643.006526464      19191.795739776      1        2.029395            
-14791.939367040002  -18711.495069696     1        0.637501            
7602.652100736001    13236.009494400001   1        1.83298             
-10579.120953984     16547.957369856      1        1.056136            
6140.4970936320005   18692.638386048002   1        1.612794            
5279.906827008       -19373.371585920002  1        0.767494            
-7992.832725504001   15905.063066112001   1        0.801597            
-5779.394096256      -169.315863552       1        1.47335             
-21236.958141696     22554.317250432      1        0.618416            
-720.5709012479999   17367.25991616       1        0.23522             
16741.741699584003   16039.193841792001   1        1.863493            
10486.905542784001   4009.6693105920003   1        1.651456            
-20882.559671424002  -10538.336958336     1        0.518625            
5902.195090176       1192.374235008       1        1.155081            
20136.004301952      243.282923136        1        18.458489           
-16986.61787328      -17660.801043072     1        2.023137            
-23412.657654144     17907.896502144      1        1.852779            
2134.527664896       -5383.24763328       1        1.279946            
18417.025351296      14392.374657408      1        8.345985            
16215.050079359999   8155.864100736       1        1.134813            
-860.4164574719999   7516.227109248       1        0.378658            
-18160.222329216     5597.858483712       1        1.739996            
-14030.48630016      -18823.315509504     1        33.162311           
12161.78846784       20863.14132672       1        0.360229            
-4893.694844544      9451.376364672       1        1.868986            
23585.99848704       12159.944159616      1        45.655038           
-11563.238028672002  10375.749762048      1        0.834251            
-19025.0210304       9897.777812736       1        1.905054            
3693.1628448         -9476.382351744      1        12.945706           
17152.824484224      11891.520064512      1        51.264396           
-10561.311953280001  -23699.909464704     1        0.781492            
