trucks_count 10
drones_count 10
customers 500
depot 0 0
Coordinate X         Coordinate Y         Dronable Demand
-2916.150640128      -626.796035712       1        36.51987            
14079.991330944      -6896.708527104      1        33.916745           
-14157.360543744002  9036.349077888       1        1.972561            
13643.670813696      22232.113706879998   1        2.138013            
-14451.759451008002  -10063.792911744002  1        39.000379           
-5264.922225024      -10515.347479296     1        1.584635            
-14372.0856576       -15183.20308032      1        2.143886            
-10592.41252608      -17523.453188736003  1        1.322934            
9002.950361856       14025.941512704      1        0.712137            
-21685.326208128     6190.180761600001    1        1.37801             
12526.227635328001   -17456.564024064002  1        1.646557            
-7740.265496832      -18426.108488832     1        0.990392            
20874.459843072003   11020.003961472      1        0.430205            
-10069.012014336     -8794.772059392      1        0.241204            
-3655.9934357760003  -10449.477029376001  1        4.646293            
1759.6760417280002   -6633.564689664      1        1.78839             
-5103.2378707200005  9825.268818816001    1        2.040649            
-9852.761242368      2300.6682927360002   1        0.837786            
3758.8546575359996   -17846.784882432     1        0.319322            
-992.1348264960001   -10544.64719616      1        1.952915            
5850.565725312       14035.658731776      1        18.293395           
15040.554046848001   -5832.512104320001   1        1.65587             
599.800899456        -23319.682632576     1        0.411285            
2837.252550528       -18384.046674048     1        56.883712           
-20699.004332160002  -6082.4448368640005  1        2.026924            
-18536.720311296     19722.451174272002   1        0.352558            
595.043678592        17837.350907903998   1        1.732345            
-22967.682084864     -2592.452016         1        1.897207            
-15095.952495360001  9133.52609664        1        1.874898            
-4187.226624768      -663.9284298240001   1        0.251468            
-11949.23435904      -380.051413632       1        1.262463            
16017.92957952       10730.883702528      1        0.481086            
5027.135211648       -12465.734003712     1        14.254494           
-4704.979948416      21.520147968         1        0.905216            
-21107.140407936     3248.06657472        1        1.264393            
19162.935373824002   -18666.407688192     1        1.387737            
17224.598007936      -8731.008240768      1        1.568428            
-22288.62582144      11759.764680576      1        30.968221           
-18366.282734976     -8257.128853248      1        35.854972           
-20721.905297280002  -13511.144553984     1        41.763836           
11256.048055296      -4550.911009920001   1        2.004601            
-3924.0876153599997  -274.502587392       1        0.333678            
12303.034153344      -8108.620198272      1        0.577827            
13158.22185216       -16984.947374208     1        31.346385           
-1980.119154816      4155.5531255040005   1        1.547205            
-14285.0603808       21465.370726272      1        48.272409           
-18971.737259904003  12723.879218688      1        0.85539             
-19257.592159872     15000.291478656      1        1.631453            
-7643.651748480001   4135.738882176       1        2.202024            
18164.805740928      -21782.96188992      1        2.139615            
10264.848257664002   3708.4998931200003   1        1.471129            
-17356.087850112     23096.928501504      1        0.444481            
-13007.004671232002  -23872.600122624     1        0.414794            
-18410.700629376     -17465.811314688002  1        0.308628            
7665.627340800001    16453.197585792      1        0.212642            
-18144.864359424002  4067.0987512320003   1        40.186292           
-20422.845729792     -8724.472694783999   1        0.343559            
18911.61055872       -15282.824692608001  1        1.30046             
-1082.3176362240001  -21955.517362944     1        0.908286            
-18103.356158976     8810.682034176       1        0.54889             
-14994.851895935999  6801.848963712001    1        1.782061            
23773.247270784      -8000.17777152       1        1.625516            
24040.325954304      2514.561375744       1        42.230215           
20309.404680576      -4440.91234752       1        1.272689            
-10465.348379904     6149.155364352       1        24.024831           
8347.681812096       -7348.20837696       1        1.749616            
23215.879944576      -12160.455931008     1        0.879515            
10840.684415616      -14195.934910080001  1        0.55611             
9176.621110272       14015.46307392       1        0.829931            
-634.3551244800001   -18465.284749824     1        1.705194            
-22658.198796288     -14456.304238464     1        0.477899            
3370.5408718080002   -16598.125450368     1        2.137582            
-10673.183892096     -7857.622080000001   1        1.878904            
11409.74201664       -15739.355351808     1        39.349822           
-18368.431209216003  -16651.183912704     1        1.205208            
21385.713026304      21795.624208512      1        1.71053             
-20976.886541952     -8335.42826688       1        45.686884           
18079.888704768      2908.729954944       1        2.105509            
-21581.663533056     17532.29814336       1        0.265891            
-7248.297082752      -21075.973852032     1        1.064622            
-802.5798528         -5823.152159616      1        0.932192            
-8105.235747840001   -4717.133714304      1        1.30829             
-5998.641466752      -15121.415536128     1        2.102332            
23120.640576         12613.505579136001   1        0.361244            
11934.217570176      -22786.740320256     1        0.772974            
-23445.007077888     -22998.731158656     1        0.86994             
4313.247916032       -6330.879270144      1        0.202926            
20500.987427712      3073.937163264       1        2.073003            
-10071.086458751999  -23226.908779008     1        2.072216            
9056.0200896         11334.603354624      1        1.353405            
-19238.881926528     -540.840972672       1        1.778996            
18456.265986048      12019.995605376002   1        1.954865            
-20318.935215744     1611.228541824       1        1.474891            
-10991.668241664001  -6579.588901248      1        0.919111            
23894.419608576      -11256.276582144     1        0.603131            
6914.728351872       -13147.532589312003  1        2.2251              
-10832.211219456001  7053.553584000001    1        45.132701           
19867.322711808      7111.523764224001    1        1.658517            
-19169.142613632     10759.639461120001   1        34.85567            
-23594.577899904     4891.211626752       1        0.930692            
-24003.014923008002  6083.463551616       1        0.279392            
7686.519844608001    -11062.651577472     1        0.965654            
-16318.580788224     15309.127810944      1        42.228924           
207.35914636799998   -3561.6375970560002  1        1.493519            
17749.065514752      15962.466757248      1        0.222092            
-23292.851649408     14639.796813312      1        1.235604            
-9662.353316352      7921.112310144       1        0.837605            
10654.9838208        -9626.719221504001   1        0.870005            
-12037.851277056001  -24012.318540672     1        0.974488            
3031.7884439040004   15573.431985408002   1        54.891055           
19570.590255744      -9013.980805632002   1        1.297521            
5686.597711872       -18505.97540352      1        2.053532            
17055.869554944      21369.922142976      1        2.08088             
-5333.3032515840005  1140.9589128960001   1        1.640507            
16320.895024896      -3905.166557952      1        1.19152             
5182.11182016        10911.236447232      1        1.988123            
-13891.952359296     22603.804578432002   1        50.850913           
23641.089550848003   -6468.624632448      1        1.891148            
23576.723837568      -291.090096          1        2.160478            
-6975.685474559999   -20342.705226624     1        0.260297            
-19762.090926336     23400.051662592      1        0.378538            
-9016.010188416      -1451.452869504      1        0.941379            
-13068.668295936002  17023.72934592       1        1.955751            
-17309.000054016     3581.5821972480003   1        1.453441            
-18646.580570112     9832.143936384       1        0.823556            
14293.918210176      -20726.015561856     1        1.529857            
-7559.771129856      -21198.977623296003  1        1.576408            
-5191.09195968       19559.497047552002   1        2.601066            
-16334.699977728002  -9054.219233664      1        2.107945            
-1506.8851142400001  14830.624778112      1        0.814291            
7757.887813632001    -1415.374595712      1        1.444313            
23260.941576576      -2432.510581248      1        41.584709           
-3128.382880128      12701.15206272       1        2.187727            
-3155.2396128        10678.82625216       1        0.638131            
16186.442380416      16814.815573248      1        2.189792            
-2674.2179566080003  8616.028658688001    1        44.920397           
-4049.347686912      -17791.996375296     1        35.384627           
2608.249336704       -22583.63467008      1        46.163517           
-5378.2216519680005  -3531.5734417920003  1        0.892549            
12761.328653568002   -16599.757325184     1        0.75223             
-22188.326675328     -13949.211209472001  1        42.903969           
-3008.913228288      -22477.308530688     1        0.318286            
11242.629345024      10932.323681664      1        0.709286            
14180.7748896        8346.616426368       1        0.829768            
-15309.337025664001  4946.146584192       1        0.600064            
-15411.659117184001  17537.747382144      1        1.43958             
-9341.170096896      15931.684834560001   1        0.978503            
22927.702761215998   -20270.864110464     1        1.801167            
22139.813000448      4785.64992576        1        7.896679            
9881.706903552002    14489.163824256002   1        2.262263            
-8449.276480128      23658.842224512      1        0.840186            
-1791.5233501440002  -21483.944165376     1        0.780492            
-3784.5220849919997  20763.127034496003   1        0.403384            
-15083.555718528     14047.001388288001   1        0.211598            
-6359.097507840001   -8197.315974144      1        1.66869             
-6616.1692903680005  -13026.01424256      1        2.098368            
-23437.969416576     -14841.244839167999  1        28.195594           
-22985.608567680003  18732.765769344      1        0.613911            
20201.916594816      13611.1878144        1        0.656053            
-19676.647634688     -6880.248156672      1        0.65589             
-21491.675453952     13800.876363648      1        1.440893            
7244.80802496        22641.788315520003   1        1.697949            
-16486.42571136      -2903.213123712      1        1.302541            
-17255.53925568      -14905.460883456002  1        1.63633             
6945.255998208       -9962.856465408      1        1.779726            
2209.054776192       -7801.414131456      1        1.837325            
17461.306760831998   14121.354690432001   1        1.066297            
4711.615273728001    2845.902774528       1        53.082887           
1688.325775488       1349.89360704        1        1.512954            
-22311.729563904002  23959.845879552      1        25.166138           
-10339.296511104     5751.285293952       1        1.328418            
8240.821370496       12913.323147648001   1        0.237991            
-15152.192630784     4536.906498432       1        17.762578           
-7941.488214528001   71.974691712         1        1.693079            
-17808.862300416     -11344.991670144002  1        2.165544            
-16998.696           23507.621824896      1        0.886533            
-11509.611467904     60.09290496          1        1.321693            
22631.152161024      20611.061729279998   1        0.731289            
16037.994880512      16178.233116672      1        1.11972             
-12220.080516864002  -17241.896846592     1        39.437591           
-4134.818337408      -3397.3235746560003  1        1.215066            
-18285.661037952     -15351.80600448      1        1.084049            
2455.8010076160003   12693.349963008      1        10.982635           
-2101.236774912      -1344.452414976      1        1.612168            
12249.383452416001   11485.311982848001   1        1.458867            
-330.43694745600004  -246.84762009599999  1        0.91706             
-8077.892993280001   -18365.470016256     1        1.688775            
11209.475249280002   -12881.099252736001  1        0.272597            
11282.594184575999   23664.577926528      1        18.734301           
3.326514048          14552.703944064      1        0.936994            
-22940.295878016     6591.316190976       1        1.024003            
7619.379622272       -3222.587440512      1        0.257512            
9578.208765312       -20570.206922496     1        1.606269            
15373.582038144003   -14776.185498624     1        14.882149           
-10648.491727104001  11090.856940416      1        59.172417           
14008.636236672      -5558.983170048      1        1.196413            
19133.471503872      3216.639305088       1        29.287863           
-2154.343517568      -13272.335607168001  1        0.663392            
18537.57487296       21620.067308928      1        0.932               
-5963.237508096      8808.414468480001    1        2.022932            
8480.509019136       2475.0696833280003   1        56.01152            
-12219.460919424     -18967.136145408     1        1.191435            
-22674.966551424     21854.574479232      1        0.342748            
-6196.033945728      -11234.025792        1        26.112597           
18919.872930816      13188.384177408      1        0.902204            
9008.652267648       -2310.123188736      1        1.828751            
-18859.15399104      -14289.624480384     1        0.94501             
-19564.392672        16545.826598400003   1        1.40566             
12462.141947904001   9129.91311936        1        1.118576            
-13575.82248         -13738.62371904      1        1.981435            
-21253.930283520003  20492.916567552      1        27.876078           
-14831.934784128     -11039.312870784     1        2.053389            
-699.8731280640001   7344.455386752001    1        0.797312            
-4384.073536127999   -4956.77952          1        1.371597            
-1658.631769344      -19138.524844032     1        1.682056            
-20073.577848192002  1243.1522568960002   1        0.474097            
-12908.43556992      -10079.94911616      1        52.932416           
-15462.506340864     6500.986930944001    1        0.358191            
1937.112655104       3217.8318289920003   1        2.213967            
-23095.967723136     -16407.506700288002  1        1.892797            
17183.112338304003   -2504.004079104      1        11.084905           
9423.405965951999    -16781.410419840002  1        2.022088            
6296.7595679999995   -17526.781312128     1        22.733101           
6888.549153024       -16784.408627712     1        0.979547            
15306.556079232001   6337.429300224       1        1.363385            
3104.7158672640003   -19712.07412416      1        49.407862           
-23395.165694208     -16733.696588928004  1        0.240397            
16552.12718016       -22559.071252608002  1        1.379671            
-15297.0561216       -11443.94862336      1        0.335531            
734.676801408        -9152.059302144      1        20.994916           
-17257.876023168     -241.10387136        1        1.27934             
-16080.182224128     -10466.262487296     1        1.913876            
-13875.089652864002  10784.99467584       1        2.035509            
22202.315093376      -15152.5370304       1        1.308903            
14822.325391104      -16210.064331648     1        1.53276             
22709.533651200003   -17725.023524736     1        0.64151             
6232.839643008       -15831.388907135999  1        15.500504           
-2511.25256448       -8615.289969792      1        0.338162            
19397.807865216      -18830.208329856003  1        4.561206            
-7616.917325952      2558.0361945600002   1        0.976758            
-4806.5601323519995  15134.544564480002   1        1.089033            
-22603.53420864      1779.171634944       1        3.823508            
-5501.779037568001   20836.950862464      1        1.329206            
-11086.007986944     -13870.794313728     1        0.389601            
21583.840975488      10163.538443520001   1        1.563217            
-13602.128817024     122.40509529600001   1        1.410292            
-17191.983042432003  7954.145705088001    1        0.833118            
9718.710933888       -10873.582625664     1        0.383241            
-11144.6267328       -22182.76317312      1        1.365806            
-4926.243826944      -17393.450380416     1        1.093535            
15531.302578175999   13633.651037952      1        0.874367            
-22966.455764736     956.267376768        1        1.103198            
-8107.743105792001   16496.517907584      1        1.451727            
-8926.945872768001   -9819.212857344      1        2.104352            
-5240.975186304      19475.846565120002   1        2.190063            
11187.575296128      -19818.606259584     1        0.529519            
-13166.431115904     -895.550046336       1        1.138295            
22986.022169088003   17324.943825024002   1        0.360178            
-20209.560978816     -15293.175993216     1        44.259483           
301.80028032         10300.05909504       1        0.789108            
-4028.9041900800003  -15852.431079936001  1        0.381699            
-6661.977657984      23344.764258815998   1        2.178958            
21091.56356736       4154.864326272001    1        1.060519            
-900.6291360000001   11671.34893056       1        2.236261            
-13772.889871488002  4644.103292928       1        1.016308            
10746.452496384      -2956.364928         1        0.218269            
23131.421571456      1824.326608896       1        0.294264            
1653.895469952       -8480.698921728      1        1.104874            
10795.949480448      11106.105474816      1        57.8253             
11860.532145792      11649.426446592      1        1.142131            
7845.260708735999    -12118.192948224001  1        14.728228           
7767.9864472320005   13953.068807040001   1        2.264162            
-1813.283290368      -19648.149371135998  1        0.856686            
19093.234685184      8578.295979264001    1        0.625287            
-20879.1060192       -3487.0992203520004  1        2.061696            
-5640.924529152      18240.31294272       1        0.72129             
-7290.476379648      -1010.2608679680001  1        2.107196            
-17041.725030528003  6129.1077661439995   1        1.687488            
9080.8039872         -6588.866769408      1        3.214272            
-7417.181642112      11483.577110016      1        2.200802            
-6529.887530495999   17661.557434752      1        0.770534            
4061.166709248       -14565.602836224001  1        9.957435            
-16703.106178176     23187.212699904      1        1.418615            
5096.900274048       22419.896792831998   1        2.3558              
-7896.420145152001   12921.429413376001   1        2.154851            
-21970.661289984     -23747.135664384     1        2.069893            
18456.114707712      6498.119079936       1        1.970053            
14379.216660864002   -23567.891757696     1        31.056347           
16421.873314176002   -16793.287378560002  1        7.073611            
16378.989124608      7624.964045952001    1        0.368935            
15948.698819328001   -5637.469267584001   1        0.924823            
-8411.22836928       -17857.717156224     1        0.310162            
444.54587443199995   -15074.863651584     1        2.0714              
-2804.315716224      5671.334693376       1        1.597414            
16764.604040448      10274.92114176       1        0.500372            
-3931.260461568      -9177.83938368       1        0.413802            
-17142.68400768      -13989.797255808     1        1.11493             
-9117.606465792      -7434.264828672      1        1.04034             
11778.310760832      2458.3598645760003   1        2.006287            
14345.373765888002   -12849.14733696      1        0.225316            
22111.157021184      -1485.276452352      1        0.92256             
-13399.106852735998  16858.694337408      1        8.267684            
12607.282245888002   -22248.379346688     1        0.536143            
-625.06116288        -7440.420569471999   1        1.247014            
-5247.525216384      -19134.905429376002  1        0.466324            
-19129.41112896      9015.234484608       1        0.450004            
-13739.183770752     22685.301758592002   1        1.177983            
-23786.495390592     4897.3287432960005   1        1.322089            
-3778.950536064      1902.0482680320001   1        10.099939           
20627.829484416      12400.545915648001   1        0.911977            
-2418.547912704      -21050.007086592     1        1.943109            
-4933.25895744       -19081.999854719998  1        14.882629           
2505.457316736       3627.79933824        1        1.373888            
8107.472736000001    18177.704633088      1        0.951622            
-7504.203700224      -2494.4381383679997  1        59.741264           
-2806.588109952      -19525.591388160003  1        1.306986            
-12167.968348800001  21628.841452416      1        1.427301            
905.0918469119999    496.950943104        1        1.843714            
-21811.180127616     -9423.813129984      1        2.242594            
-8335.956131712      -16061.579816832     1        2.192918            
-18720.101841408003  15188.146985088      1        12.26972            
10173.527641728      -860.842933632       1        1.363531            
-2018.1173760000001  -15267.243024000001  1        0.737339            
3034.382706432       -18862.332445440003  1        1.775127            
-10799.251854336     -21763.385829504     1        58.755583           
11935.513092096      14357.968492032001   1        1.955695            
-14409.293690879998  -10468.26772992      1        57.103892           
-2041.600923648      22039.937111808      1        1.614923            
-1626.4867322880002  -9771.90458112       1        1.556649            
-23560.316575488     -18133.679418624     1        2.094397            
-11916.896200704     21899.682782208      1        21.998003           
-7458.747778944      9812.083463424       1        0.952826            
17857.934417664      -1266.1127677440002  1        1.738738            
-22595.823841536     -4754.9404235520005  1        0.354426            
10735.00040448       12672.668283264002   1        20.567538           
23360.139931392      -6115.373624448001   1        47.746178           
12178.956949632      2435.207841792       1        1.483652            
22382.89314624       11572.903748736      1        44.856177           
-22608.907808256     3388.4882760960004   1        1.886528            
749.461844736        2050.201257984       1        1.944528            
-13660.916544000002  -2380.705797888      1        50.533983           
11420.608307328      -18488.010296448     1        0.309092            
6910.460371584001    3782.54581056        1        2.029477            
-12687.07030272      -8049.497727743999   1        0.227029            
2443.159610496       -8026.804368000001   1        2.102584            
14950.857259008      2842.8916919040003   1        1.640032            
14500.218408192      -5042.832753024      1        35.229906           
14056.531923456001   -21995.361501696003  1        2.143413            
-3593.494561536      -10854.154624896     1        0.872602            
3722.2742684160003   -21532.110221952     1        0.979261            
16693.036512768      -9059.658816384      1        33.644069           
1479.964007808       -22539.90074688      1        2.157443            
58.77324288          -2539.821639168      1        52.265539           
-1837.771068672      74.050745472         1        0.850956            
11749.20094656       -18756.001478016     1        0.530566            
5783.285490048001    -20728.876975488     1        2.065807            
11495.589253632      122.45176627200001   1        0.420196            
18631.145351808      17112.10647168       1        0.408706            
19095.25280256       -22341.439663488     1        0.559207            
15161.114833920003   -8487.047783808      1        1.392612            
23700.794603904      3931.6290013440002   1        2.144833            
17276.943530880002   14101.141329792      1        2.061784            
7985.558490624       -11336.030842752001  1        1.886172            
19527.049453824002   986.690415744        1        2.265471            
-18857.810188800002  -7045.447318271999   1        1.859241            
18835.91506368       6154.3712482559995   1        1.761688            
22683.536308224      13663.538165376      1        7.020906            
-4365.501706368001   2591.2353519360004   1        2.111696            
-5778.7696707840005  16546.169388672002   1        1.216027            
-12345.633489024001  -19835.415857664     1        2.197186            
-21291.062677632002  4066.633650816       1        1.675488            
-4366.699058304      16321.389093504      1        0.853533            
-5460.79387392       -15685.72074432      1        2.155729            
11784.508344576001   -21911.706191232002  1        0.369055            
-19000.317600000002  -6951.505080960001   1        0.903095            
-4366.713542400001   11263.193542656001   1        2.055826            
20733.449121792      10031.132884608      1        1.512215            
1042.024490496       8866.12554432        1        1.023409            
-20912.796026496002  17288.427809664      1        1.346116            
-17132.7945888       10213.006459392      1        1.732144            
-7998.669816192      -12232.628572032001  1        2.113409            
6362.481958272       3687.26459904        1        2.180912            
21994.20438336       22163.228955648      1        0.348671            
-4427.5499642879995  12781.944350208001   1        2.04273             
21404.238185088      -13716.755952768     1        44.839354           
-14938.330125311999  11365.023174912001   1        0.376819            
-17561.158509312     19932.121338624      1        1.70889             
13641.068504448001   19608.264998784      1        1.606037            
17501.105837952      -9360.623847168      1        15.896524           
-12848.563145088001  9094.188901248       1        30.339229           
11725.379436672001   19566.15490368       1        1.24209             
17666.193954816      10829.835827712      1        0.786875            
12922.134306048      -1513.937259648      1        46.630087           
8072.945869824       -4135.214236032      1        46.211532           
-10848.362595839999  451.095904512        1        1.232737            
-9800.782649856      20098.95237504       1        2.213434            
-93.4224192          -18430.00632         1        0.994549            
9262.543986432       -15522.166332288001  1        0.488795            
22892.316505344003   -13992.777760896     1        34.614714           
3301.9651146240003   22161.333148416      1        1.773046            
-12526.171308288     -7425.881755776      1        0.875151            
-15446.565788544     1442.509744896       1        1.44858             
-1075.036963968      -10989.677483136     1        36.254323           
10763.413372800002   -4971.361785984001   1        0.258844            
5372.928519552       5047.9472482559995   1        2.214156            
20383.545549312003   -8955.947860992      1        1.534488            
-16533.595584000002  -19644.306257664     1        1.793844            
-16493.524527744     -5710.599468288      1        0.22952             
22168.563931008      -22582.25868096      1        2.159517            
15154.587334656002   -15665.975702784002  1        1.19115             
11709.331058304      -17747.105333760002  1        2.035443            
-10590.19967808      -13259.309576832002  1        18.567843           
-20742.957126144     14502.753124992      1        30.757704           
732.7166204160001    21972.990010752      1        50.432012           
-15187.429217664     -2891.1076381440002  1        2.001784            
13204.487273472001   -7908.887733119999   1        1.752249            
15572.1734784        -8825.504092416      1        25.276214           
-8988.279581952      -5028.285892608001   1        1.536184            
22517.535693312      -17645.961282048     1        48.89021            
-9585.182052864      -5071.54184064       1        53.590703           
11649.09170304       391.611331584        1        0.283265            
-15326.811282816     3610.4570472960004   1        1.628487            
-1789.82388288       4844.184985728       1        53.952876           
-19096.858927872     5596.994265984       1        2.08076             
16295.784430464      15782.521176576      1        0.922366            
-10542.011090688     -353.714499072       1        0.974337            
11716.896584447999   -19537.188321024     1        1.434911            
9179.807611392001    22448.512538496      1        1.368142            
7904.669642496       -2573.970309504      1        57.081489           
-23165.608866048     -201.695864832       1        0.90191             
-10629.689761152     -12332.736206208001  1        29.28512            
18302.903549568      22807.83238272       1        0.875234            
-22400.270842752     2153.89772928        1        0.204234            
-22180.397437440002  23131.698378624      1        2.082343            
-5173.81565184       6111.791224704       1        48.672879           
-21894.196528512002  -15648.469258752002  1        42.644552           
-2103.510777984      23192.338460544      1        1.042253            
-18151.174597248002  -9876.764608128      1        0.242899            
13059.469285632      -10339.703675136001  1        21.851558           
11980.788766848002   17960.23075968       1        16.337848           
-2220.827127552      -19806.080735232     1        0.760719            
23536.770263424      -12368.188445184     1        0.209587            
-8782.769571840001   -540.599571072       1        1.120218            
-19902.277663488     18225.029002752      1        0.417258            
-7945.069004928      11959.229994624      1        1.634955            
-6278.025194496      -1072.342922112      1        2.192469            
3751.2762566400006   16194.637160064001   1        2.105585            
11027.215431936002   -788.271175296       1        2.141058            
4869.321329664001    8974.146322944       1        2.223218            
14507.988321024      -6556.135931136001   1        0.54048             
2370.900064896       1905.806086272       1        0.881806            
-1180.63085184       -3172.441890816      1        1.880892            
13202.939084544      -17955.544349952     1        1.405769            
1672.9050412800002   -20767.422373632002  1        1.003092            
-2350.5901436159998  -14435.810851967999  1        59.089072           
18034.979960448      -2943.073355904      1        1.908772            
14200.326809856002   -10606.169198592     1        24.367413           
-12019.890998016     2110.307037696       1        1.85933             
6226.2767381759995   7951.923201024       1        1.810545            
-22494.889004544002  9526.4715744         1        0.930407            
15691.684973184001   11441.413906560001   1        1.463738            
23338.560237696      -16932.54391488      1        1.8826              
18706.778082432      12703.266740736      1        0.622986            
-1700.3057322240002  -7484.976867456      1        0.749597            
19984.771027584      15489.723566592      1        0.957814            
17345.284323840002   14471.026517376002   1        0.857576            
8565.863796864       -19005.111835776002  1        1.169214            
-16781.054754816     -14003.37690048      1        0.944704            
-11340.664144128     16886.447474688      1        0.987705            
-17151.150766464     4051.391553792       1        1.216931            
10958.959934208      -3710.0609568        1        0.22035             
-22356.874881792002  8706.419073792       1        2.096636            
-243.297407232       11775.880651391999   1        2.266622            
19020.584068992      -9260.295732864      1        2.107117            
23548.944950784      9243.151391232       1        2.173498            
4597.821778176       4292.61129792        1        1.907205            
13250.891098368002   -17095.9003776       1        2.054712            
5191.55866944        9742.302307584001    1        42.241968           
-19101.414980736     12884.50462464       1        2.157876            
-21795.455227392     -14246.281627776     1        1.224318            
-17777.346516864     -20211.521159808     1        1.136163            
4106.477789568       18347.216836608      1        1.785843            
-4342.47682176       19232.85171456       1        2.092329            
-20568.676436352     -20086.133950080002  1        1.080439            
-5276.832979968      -19011.18871872      1        1.969192            
2922.467315328       -14516.95880448      1        1.415141            
-14991.2807616       17882.398055808      1        2.053993            
-14137.691141375999  2491.983888768       1        1.290902            
4680.08500608        -16655.411659392     1        11.917933           
-19600.244028288     16604.194286592      1        0.675712            
-15868.685454336     9082.319989248       1        1.238872            
1733.7462911999999   -22111.902147456     1        0.384574            
407.29921689599996   23359.320775296      1        0.519737            
-18536.218195968002  8106.589206144       1        0.307551            
-11255.122682496001  5347.96276608        1        0.920872            
5013.127481472       21102.779085696002   1        0.71629             
6167.2556563200005   -3659.064064128      1        12.481476           
6862.382828928       -8608.643379072      1        20.64823            
19720.701817344      20850.216685056002   1        0.988377            
9832.911593472       -5057.954149248      1        1.018255            
